1 0 0 ;0 0 0 0.0 2 ;0 1 0 4.903126534799968e-19 1 ;0 0 1 9.318532169694317e-20 1 ;
0 1 0 ;0 0 0 3.67790547312102e-20 2 ;1 0 0 34.5338250632634 0 ;0 0 1 7.547893250471743e-19 1 ;
0 0 1 ;0 0 0 5.328420779632019e-21 2 ;1 0 0 4.095800623326502 0 ;0 1 0 3.232982027623856 0 ;
2 0 0 ;1 0 0 0.0 2 ;1 1 0 9.806253069599936e-19 1 ;1 0 1 1.8637064339388633e-19 1 ;
1 1 0 ;1 0 0 2.931306815033416e-20 2 ;0 1 0 0.0 2 ;2 0 0 15.073989897424156 0 ;1 0 1 7.459867874527424e-19 1 ;0 2 0 4.0676865507973854e-19 1 ;0 1 1 8.982911862510471e-20 1 ;
1 0 1 ;1 0 0 4.181032988874921e-21 2 ;0 0 1 0.0 2 ;2 0 0 1.7613266304827118 0 ;1 1 0 2.5299763740325036 0 ;0 1 1 4.538466806885028e-19 1 ;0 0 2 8.119539843394937e-20 1 ;
0 2 0 ;0 1 0 6.80756158266313e-20 2 ;1 1 0 64.22785185852408 0 ;1 0 0 197953000000000.0 0 ;0 1 1 1.2954644627565556e-18 1 ;
0 1 1 ;0 1 0 4.275509215064152e-21 2 ;0 0 1 2.9440523589976344e-20 2 ;1 1 0 3.80263139597243 0 ;1 0 1 31.85783104656792 0 ;0 2 0 2.1125742964254304 0 ;1 0 0 20089300000000.0 0 ;0 0 2 5.236449605861069e-19 1 ;
0 0 2 ;0 0 1 9.800612102852638e-21 2 ;1 0 1 7.494797414010906 0 ;0 1 1 4.584828130043212 0 ;1 0 0 1858210000000.0 0 ;0 1 0 385718000000000.0 0 ;
2 1 0 ;2 0 0 2.295133457088162e-20 2 ;1 1 0 0.0 2 ;2 0 1 7.304987037062226e-19 1 ;1 2 0 8.580471435899944e-19 1 ;1 1 1 1.8637064339388633e-19 1 ;
2 0 1 ;2 0 0 3.224478382235986e-21 2 ;1 0 1 0.0 2 ;2 1 0 2.094098943355336 0 ;1 1 1 9.806253069599936e-19 1 ;1 0 2 1.6430893012689957e-19 1 ;
1 2 0 ;1 1 0 5.3799389197918304e-20 2 ;0 2 0 0.0 2 ;2 1 0 29.5775568525753 0 ;2 0 0 50916800000000.0 0 ;1 1 1 1.257613079872576e-18 1 ;0 3 0 2.909526123992521e-19 1 ;0 2 1 7.662095337517276e-20 1 ;
1 1 1 ;1 1 0 3.298534734343689e-21 2 ;1 0 1 2.2791875408833928e-20 2 ;0 1 1 0.0 2 ;2 1 0 1.6959386628495063 0 ;2 0 1 14.838627993952434 0 ;1 2 0 1.6099152868978328 0 ;2 0 0 5180920000000.0 0 ;1 0 2 2.232147765932782e-19 1 ;0 2 1 3.3199185217971624e-19 1 ;0 1 2 6.928758663647109e-20 1 ;
1 0 2 ;1 0 1 7.70658556509765e-21 2 ;0 0 2 0.0 2 ;2 0 1 3.531611813640561 0 ;1 1 1 2.655657032393019 0 ;2 0 0 481546000000.0 0 ;1 1 0 379663000000000.0 0 ;0 1 2 4.325907671691861e-19 1 ;0 0 3 7.112195913222722e-20 1 ;
0 3 0 ;0 2 0 9.402040513617415e-20 2 ;1 2 0 78.98500840157871 0 ;1 1 0 504400000000000.0 0 ;0 2 1 1.6411219246920814e-18 1 ;
0 2 1 ;0 2 0 3.3779295879958524e-21 2 ;0 1 1 4.655055337967616e-20 2 ;1 2 0 3.1268188860926807 0 ;1 1 1 52.268275499181634 0 ;0 3 0 1.3177249975184908 0 ;1 1 0 34438100000000.0 0 ;1 0 1 161907000000000.0 0 ;0 1 2 8.713369490775192e-19 1 ;
0 1 2 ;0 1 1 7.807508824149782e-21 2 ;0 0 2 2.686950735157921e-20 2 ;1 1 1 6.163734368658198 0 ;1 0 2 27.302101502871423 0 ;0 2 1 2.9048362333890765 0 ;1 1 0 1619370000000.0 0 ;1 0 1 32853000000000.0 0 ;0 2 0 148617000000000.0 0 ;0 0 3 3.494532028521826e-19 1 ;
0 0 3 ;0 0 2 1.3465096517612603e-20 2 ;1 0 2 9.516867424383294 0 ;0 1 2 4.721288420552639 0 ;1 0 1 4555830000000.0 0 ;0 1 1 771287000000000.0 0 ;
2 2 0 ;2 1 0 4.626939263154754e-20 2 ;1 2 0 0.0 2 ;2 1 1 1.5095786500943486e-18 1 ;1 3 0 7.35468980219995e-19 1 ;1 2 1 1.8637064339388633e-19 1 ;
2 1 1 ;2 1 0 2.5060511764654995e-21 2 ;2 0 1 2.305908030464548e-20 2 ;1 1 1 0.0 2 ;2 2 0 1.6593307258569723 0 ;2 0 2 6.409547957812802e-19 1 ;1 2 1 8.580471435899944e-19 1 ;1 1 2 1.523939321036014e-19 1 ;
2 0 2 ;2 0 1 5.860521135064776e-21 2 ;1 0 2 0.0 2 ;2 1 1 3.8418709190232305 0 ;2 1 0 315638000000000.0 0 ;1 1 2 8.73281942328109e-19 1 ;1 0 3 1.384821057582259e-19 1 ;
1 3 0 ;1 2 0 7.410198441474367e-20 2 ;0 3 0 0.0 2 ;2 2 0 43.5910211850864 0 ;2 1 0 118082000000000.0 0 ;1 2 1 2.1002510703930884e-18 1 ;0 4 0 2.4846316868694303e-19 1 ;0 3 1 7.09044874459408e-20 1 ;
1 2 1 ;1 2 0 2.5671480600786645e-21 2 ;1 1 1 4.595272707105979e-20 2 ;0 2 1 0.0 2 ;2 2 0 1.634169355260299 0 ;2 1 1 29.03014957117262 0 ;1 3 0 1.310219562930624 0 ;2 1 0 8133230000000.0 0 ;2 0 1 38622100000000.0 0 ;1 1 2 3.7220997730502523e-19 1 ;0 3 1 2.9215542167172464e-19 1 ;0 2 2 6.414978859620929e-20 1 ;
1 1 2 ;1 1 1 6.071067516556927e-21 2 ;1 0 2 2.3005622879642412e-20 2 ;0 1 2 0.0 2 ;2 1 1 3.2377889219091 0 ;2 0 2 14.825685430981359 0 ;1 2 1 2.0035260551485248 0 ;2 1 0 388467000000.0 0 ;2 0 1 7428410000000.0 0 ;1 2 0 143909000000000.0 0 ;1 0 3 5.297073078105376e-19 1 ;0 2 2 4.093710112823751e-19 1 ;0 1 3 6.882601888627055e-20 1 ;
1 0 3 ;1 0 2 1.0450661390077071e-20 2 ;0 0 3 0.0 2 ;2 0 2 4.677613079347309 0 ;1 1 2 4.96685783668544 0 ;2 0 1 925381000000.0 0 ;1 1 1 246605000000000.0 0 ;0 1 3 4.417043151925433e-19 1 ;0 0 4 5.991651255340531e-20 1 ;
0 4 0 ;0 3 0 1.1549404421493573e-19 2 ;1 3 0 106.17539251933104 0 ;1 2 0 810859000000000.0 0 ;0 3 1 2.4416792617231525e-18 1 ;
0 3 1 ;0 3 0 2.6332150678977945e-21 2 ;0 2 1 6.871624907949507e-20 2 ;1 3 0 2.791384857654603 0 ;1 2 1 79.09367403667244 0 ;0 4 0 1.0434068449333185 0 ;1 2 0 41993600000000.0 0 ;1 1 1 362628000000000.0 0 ;0 2 2 1.4333104108192525e-18 1 ;
0 2 2 ;0 2 1 6.1433596576222415e-21 2 ;0 1 2 4.560716057158651e-20 2 ;1 2 1 5.50339103452106 0 ;1 1 2 56.049106752215984 0 ;0 3 1 2.3521812019124657 0 ;1 2 0 1343090000000.0 0 ;1 1 1 49570700000000.0 0 ;1 0 2 155234000000000.0 0 ;0 3 0 147796000000000.0 0 ;0 1 3 7.547528048831717e-19 1 ;
0 1 3 ;0 1 2 1.0687465056842286e-20 2 ;0 0 3 2.4539287858690282e-20 2 ;1 1 2 8.623509839488475 0 ;1 0 3 27.492464411565713 0 ;0 2 2 3.882733205577311 0 ;1 1 1 3503230000000.0 0 ;1 0 2 46763700000000.0 0 ;0 2 1 266412000000000.0 0 ;0 0 4 3.002358024747504e-19 1 ;
0 0 4 ;0 0 3 1.643808813227877e-20 2 ;1 0 3 11.21753757364545 0 ;0 1 3 5.601513501116482 0 ;1 0 2 8480810000000.0 0 ;0 1 2 1060540000000000.0 0 ;
2 3 0 ;2 2 0 6.36665053050786e-20 2 ;1 3 0 0.0 2 ;2 2 1 2.2643679751415225e-18 1 ;1 4 0 6.12890816849996e-19 1 ;1 3 1 1.6735895285601945e-19 1 ;
2 2 1 ;2 2 0 1.913893886259548e-21 2 ;2 1 1 4.223375537890028e-20 2 ;1 2 1 0.0 2 ;2 3 0 1.1368711597679564 0 ;2 1 2 1.278464915448251e-18 1 ;1 3 1 7.35468980219995e-19 1 ;1 2 2 1.3988400882800291e-19 1 ;
2 1 2 ;2 1 1 4.521527988553752e-21 2 ;2 0 2 2.100746476866749e-20 2 ;1 1 2 0.0 2 ;2 2 1 2.715286226533196 0 ;2 2 0 163412000000000.0 0 ;2 0 3 4.3530621807325e-19 1 ;1 2 2 8.418003828880659e-19 1 ;1 1 3 1.2360190603187837e-19 1 ;
2 0 3 ;2 0 2 7.97190604784648e-21 2 ;1 0 3 0.0 2 ;2 1 2 4.4057811556071 0 ;2 1 1 737663000000000.0 0 ;1 1 3 8.345976640909089e-19 1 ;1 0 4 1.1442933671121379e-19 1 ;
1 4 0 ;1 3 0 9.079026647133728e-20 2 ;0 4 0 0.0 2 ;2 3 0 57.192093347467306 0 ;2 2 0 232835000000000.0 0 ;1 3 1 2.8557707987203148e-18 1 ;0 5 0 1.9344495258213088e-19 1 ;0 4 1 6.493791729678142e-20 1 ;
1 3 1 ;1 3 0 1.966177255960108e-21 2 ;1 2 1 6.326397002494887e-20 2 ;0 3 1 0.0 2 ;2 3 0 1.4151247483094127 0 ;2 2 1 43.16209769051044 0 ;1 4 0 0.9367411505812219 0 ;2 2 0 11642400000000.0 0 ;2 1 1 106174000000000.0 0 ;1 2 2 8.961906877859945e-19 1 ;0 4 1 2.3739284671493064e-19 1 ;0 3 2 5.878332720649899e-20 1 ;
1 2 2 ;1 2 1 4.667500983895257e-21 2 ;1 1 2 4.148378136031643e-20 2 ;0 2 2 0.0 2 ;2 2 1 2.717323547342723 0 ;2 1 2 30.406873082389822 0 ;1 3 1 1.71386997194238 0 ;2 2 0 349149000000.0 0 ;2 1 1 13007300000000.0 0 ;2 0 2 29167800000000.0 0 ;1 3 0 189096000000000.0 0 ;1 1 3 4.149633086539982e-19 1 ;0 3 2 3.0770947732741034e-19 1 ;0 2 3 5.761856958877752e-20 1 ;
1 1 3 ;1 1 2 8.175797121218923e-21 2 ;1 0 3 2.104047617518234e-20 2 ;0 1 3 0.0 2 ;2 1 2 4.207855086645084 0 ;2 0 3 14.129776715090541 0 ;1 2 2 2.710350831775248 0 ;2 1 1 728122000000.0 0 ;2 0 2 8773620000000.0 0 ;1 2 1 77625300000000.0 0 ;1 0 4 4.2473893190862825e-19 1 ;0 2 3 3.9944106088308894e-19 1 ;0 1 4 5.76348269521077e-20 1 ;
1 0 4 ;1 0 3 1.2698736232264344e-20 2 ;0 0 4 0.0 2 ;2 0 3 5.4443950188787555 0 ;1 1 3 5.3581591102035055 0 ;2 0 2 1586610000000.0 0 ;1 1 2 1681630000000000.0 0 ;0 1 4 4.2848872810283017e-19 1 ;0 0 5 4.967896812763279e-20 1 ;
0 5 0 ;0 4 0 1.3311629908386894e-19 2 ;1 4 0 127.2571225396104 0 ;1 3 0 1331540000000000.0 0 ;0 4 1 3.1208129437946294e-18 1 ;
0 4 1 ;0 4 0 2.0205916040714536e-21 2 ;0 3 1 8.412233654891876e-20 2 ;1 4 0 2.4680574382373752 0 ;1 3 1 101.18247386704155 0 ;0 5 0 0.716784216838837 0 ;1 3 0 53397400000000.0 0 ;1 2 1 659192000000000.0 0 ;0 3 2 1.9146461723734503e-18 1 ;
0 3 2 ;0 3 1 4.765594207178351e-21 2 ;0 2 2 6.28188931102911e-20 2 ;1 3 1 4.866820616244102 0 ;1 2 2 77.86288662809866 0 ;0 4 1 1.6717855134095914 0 ;1 3 0 1206790000000.0 0 ;1 2 1 65413600000000.0 0 ;1 1 2 455959000000000.0 0 ;0 4 0 160082000000000.0 0 ;0 2 3 1.1141948616249672e-18 1 ;
0 2 3 ;0 2 2 8.373167044175765e-21 2 ;0 1 3 4.169672409931798e-20 2 ;1 2 2 7.39972349745679 0 ;1 1 3 53.7891257868559 0 ;0 3 2 2.821621972057486 0 ;1 2 1 2898430000000.0 0 ;1 1 2 88444900000000.0 0 ;1 0 3 152062000000000.0 0 ;0 3 1 315959000000000.0 0 ;0 1 4 5.817379388859762e-19 1 ;
0 1 4 ;0 1 3 1.2997368948583502e-20 2 ;0 0 4 2.243581754761099e-20 2 ;1 1 3 10.081797154707433 0 ;1 0 4 26.33275444699785 0 ;0 2 3 4.133777377408143 0 ;1 1 2 7480100000000.0 0 ;1 0 3 58578700000000.0 0 ;0 2 2 474051000000000.0 0 ;0 0 5 2.294432316604304e-19 1 ;
0 0 5 ;0 0 4 1.8806708070144394e-20 2 ;1 0 4 12.272459531222696 0 ;0 1 4 5.583351862974148 0 ;1 0 3 12200400000000.0 0 ;0 1 3 1566620000000000.0 0 ;
2 4 0 ;2 3 0 7.752857801886962e-20 2 ;1 4 0 0.0 2 ;2 3 1 3.0191573001886972e-18 1 ;1 5 0 4.785519826013548e-19 1 ;1 4 1 1.490482138530411e-19 1 ;
2 3 1 ;2 3 0 1.4300321061845021e-21 2 ;2 2 1 5.792280967715856e-20 2 ;1 3 1 0.0 2 ;2 4 0 0.7766328014051791 0 ;2 2 2 1.9257789320452086e-18 1 ;1 4 1 5.9198832427264e-19 1 ;1 3 2 1.2688754272230536e-19 1 ;
2 2 2 ;2 2 1 3.4252657021435744e-21 2 ;2 1 2 3.846423012766664e-20 2 ;1 2 2 0.0 2 ;2 3 1 1.9460309680481702 0 ;2 3 0 198558000000000.0 0 ;2 1 3 9.540256687982328e-19 1 ;1 3 2 6.61832548892699e-19 1 ;1 2 3 1.1384230452661724e-19 1 ;
2 1 3 ;2 1 2 6.1054622812955416e-21 2 ;2 0 3 1.909590126189567e-20 2 ;1 1 3 0.0 2 ;2 2 2 3.185064035486399 0 ;2 2 1 378920000000000.0 0 ;2 0 4 3.12902409034618e-19 1 ;1 2 3 8.032951712614591e-19 1 ;1 1 4 9.976401691757831e-20 1 ;
2 0 4 ;2 0 3 9.604380134604188e-21 2 ;1 0 4 0.0 2 ;2 1 3 4.542752930003278 0 ;2 1 2 979783000000000.0 0 ;1 1 4 7.964470514760694e-19 1 ;1 0 5 9.300401675371738e-20 1 ;
1 5 0 ;1 4 0 1.0384051245363452e-19 2 ;0 5 0 0.0 2 ;2 4 0 68.76623515015677 0 ;2 3 0 362570000000000.0 0 ;1 4 1 3.68098513680217e-18 1 ;0 6 0 1.4070865769257766e-19 1 ;0 5 1 5.877331361314343e-20 1 ;
1 4 1 ;1 4 0 1.4728125929681802e-21 2 ;1 3 1 7.707191869556975e-20 2 ;0 4 1 0.0 2 ;2 4 0 1.216356210171775 0 ;2 3 1 54.822162001699475 0 ;1 5 0 0.6396836624102428 0 ;2 3 0 14258000000000.0 0 ;2 2 1 178705000000000.0 0 ;1 3 2 1.3307947762545497e-18 1 ;0 5 1 1.8454699133336967e-19 1 ;0 4 2 5.3234147189795064e-20 1 ;
1 3 2 ;1 3 1 3.5345780902668594e-21 2 ;1 2 2 5.74251872546331e-20 2 ;0 3 2 0.0 2 ;2 3 1 2.349974918557146 0 ;2 2 2 40.63563429304927 0 ;1 4 1 1.250834719051704 0 ;2 3 0 310047000000.0 0 ;2 2 1 16758400000000.0 0 ;2 1 2 83980700000000.0 0 ;1 4 0 187754000000000.0 0 ;1 2 3 1.0138362728760306e-18 1 ;0 4 2 2.4378034120596515e-19 1 ;0 3 3 5.118112493794597e-20 1 ;
1 2 3 ;1 2 2 6.273216486669589e-21 2 ;1 1 3 3.770333137476794e-20 2 ;0 2 3 0.0 2 ;2 2 2 3.5104499976554764 0 ;2 1 3 28.940826581754415 0 ;1 3 2 2.3094823378021103 0 ;2 2 1 657363000000.0 0 ;2 1 2 15560900000000.0 0 ;2 0 3 26501000000000.0 0 ;1 3 1 157046000000000.0 0 ;1 1 4 2.992097036732581e-19 1 ;0 3 3 2.962598168776937e-19 1 ;0 2 4 4.722928977192326e-20 1 ;
1 1 4 ;1 1 3 9.85711120495459e-21 2 ;1 0 4 1.9158980976859727e-20 2 ;0 1 4 0.0 2 ;2 1 3 4.8250714199099525 0 ;2 0 4 13.44866854211687 0 ;1 2 3 2.797523647746243 0 ;2 1 2 1185620000000.0 0 ;2 0 3 10356500000000.0 0 ;1 2 2 199728000000000.0 0 ;1 0 5 3.319989205985554e-19 1 ;0 2 4 3.8836720470165705e-19 1 ;0 1 5 4.7411183750052313e-20 1 ;
1 0 5 ;1 0 4 1.4414031018562535e-20 2 ;0 0 5 0.0 2 ;2 0 4 5.87506121214656 0 ;1 1 4 5.33409867789888 0 ;2 0 3 2223400000000.0 0 ;1 1 3 2340640000000000.0 0 ;0 1 5 4.144272868920247e-19 1 ;0 0 6 4.0456684261132404e-20 1 ;
0 6 0 ;0 5 0 1.4670273367889236e-19 2 ;1 5 0 146.13238636013156 0 ;1 4 0 1865400000000000.0 0 ;0 5 1 3.8740354359991115e-18 1 ;
0 5 1 ;0 5 0 1.5169628354275843e-21 2 ;0 4 1 9.610917929169716e-20 2 ;1 5 0 2.1582116380354837 0 ;1 4 1 121.11038816074519 0 ;0 6 0 0.4593741962784861 0 ;1 4 0 61283600000000.0 0 ;1 3 1 939106000000000.0 0 ;0 4 2 2.4163625415807088e-18 1 ;
0 4 2 ;0 4 1 3.623772177492088e-21 2 ;0 3 2 7.656540030615222e-20 2 ;1 4 1 4.256648987085273 0 ;1 3 2 98.68849210834948 0 ;0 5 1 1.1336241260369093 0 ;1 4 0 1071510000000.0 0 ;1 3 1 73271400000000.0 0 ;1 2 2 680547000000000.0 0 ;0 5 0 145474000000000.0 0 ;0 3 3 1.4688292154862921e-18 1 ;
0 3 3 ;0 3 2 6.441357239427304e-21 2 ;0 2 3 5.717761380102069e-20 2 ;1 3 2 6.43046328787087 0 ;1 2 3 74.32911100227469 0 ;0 4 2 1.979193102338419 0 ;1 3 1 2351020000000.0 0 ;1 2 2 98022100000000.0 0 ;1 1 3 426035000000000.0 0 ;0 4 1 279963000000000.0 0 ;0 2 4 8.471629566474146e-19 1 ;
0 2 4 ;0 2 3 1.0104877906345857e-20 2 ;0 1 4 3.795381794788733e-20 2 ;1 2 3 8.528888048132368 0 ;1 1 4 51.516008910700236 0 ;0 3 3 2.9643399414353095 0 ;1 2 2 5409280000000.0 0 ;1 1 3 107226000000000.0 0 ;1 0 4 141264000000000.0 0 ;0 3 2 502834000000000.0 0 ;0 1 5 4.384163223625032e-19 1 ;
0 1 5 ;0 1 4 1.4763921298489236e-20 2 ;0 0 5 2.0423705981681655e-20 2 ;1 1 4 10.923104973877335 0 ;1 0 5 25.175742922335754 0 ;0 2 4 4.065450502910534 0 ;1 1 3 10673800000000.0 0 ;1 0 4 66232400000000.0 0 ;0 2 3 626166000000000.0 0 ;0 0 6 1.7136439019823953e-19 1 ;
0 0 6 ;0 0 5 2.0585618654023856e-20 2 ;1 0 5 12.74359477129525 0 ;0 1 5 5.26459577197548 0 ;1 0 4 15585700000000.0 0 ;0 1 4 1855890000000000.0 0 ;
2 5 0 ;2 4 0 8.820813940040621e-20 2 ;1 5 0 0.0 2 ;2 4 1 3.773946625235871e-18 1 ;1 6 0 3.521050379866936e-19 1 ;1 5 1 1.3507159366830618e-19 1 ;
2 4 1 ;2 4 0 1.0416345250970696e-21 2 ;2 3 1 7.03263759707065e-20 2 ;1 4 1 0.0 2 ;2 5 0 0.5101824808290815 0 ;2 3 2 2.6012370363202956e-18 1 ;1 5 1 4.659772654863968e-19 1 ;1 4 2 1.1353435707918892e-19 1 ;
2 3 2 ;2 3 1 2.5346034088775974e-21 2 ;2 2 2 5.256602770676832e-20 2 ;1 3 2 0.0 2 ;2 4 1 1.3746258792122443 0 ;2 4 0 195172000000000.0 0 ;2 2 3 1.496325364770826e-18 1 ;1 4 2 5.196501258721456e-19 1 ;1 3 3 1.0260893769338043e-19 1 ;
2 2 3 ;2 2 2 4.580614502702189e-21 2 ;2 1 3 3.488135917574182e-20 2 ;1 2 3 0.0 2 ;2 3 2 2.290587311121974 0 ;2 3 1 433470000000000.0 0 ;2 1 4 7.068760479455767e-19 1 ;1 3 3 6.305595078084125e-19 1 ;1 2 4 9.126424326342604e-20 1 ;
2 1 4 ;2 1 3 7.295771407344468e-21 2 ;2 0 4 1.7302628550042683e-20 2 ;1 1 4 0.0 2 ;2 2 3 3.2843676067455116 0 ;2 2 2 570855000000000.0 0 ;2 0 5 2.207255150920691e-19 1 ;1 2 4 7.6536603577024825e-19 1 ;1 1 5 7.916864713878602e-20 1 ;
2 0 5 ;2 0 4 1.0811191421966392e-20 2 ;1 0 5 0.0 2 ;2 1 4 4.326705828922016 0 ;2 1 3 1179240000000000.0 0 ;1 1 5 7.588666246475929e-19 1 ;1 0 6 7.417221747530845e-20 1 ;
1 6 0 ;1 5 0 1.1364108029504948e-19 2 ;0 6 0 0.0 2 ;2 5 0 79.9094955471349 0 ;2 4 0 505261000000000.0 0 ;1 5 1 4.528735950283045e-18 1 ;0 7 0 9.065353187571813e-20 1 ;0 6 1 5.247193602496671e-20 1 ;
1 5 1 ;1 5 0 1.0758120858967534e-21 2 ;1 4 1 8.771695965734573e-20 2 ;0 5 1 0.0 2 ;2 5 0 1.0648164940163896 0 ;2 4 1 66.42550882604313 0 ;1 6 0 0.3993052099299817 0 ;2 4 0 16245400000000.0 0 ;2 3 1 250183000000000.0 0 ;1 4 2 1.4666733477403324e-18 1 ;0 6 1 1.340254676801028e-19 1 ;0 5 2 4.755691098512074e-20 1 ;
1 4 2 ;1 4 1 2.6192773100339883e-21 2 ;1 3 2 7.001543750367009e-20 2 ;0 4 2 0.0 2 ;2 4 1 2.0484913046235937 0 ;2 3 2 50.70195016027261 0 ;1 5 1 0.8026339194225703 0 ;2 4 0 271592000000.0 0 ;2 3 1 18588200000000.0 0 ;2 2 2 146428000000000.0 0 ;1 5 0 172761000000000.0 0 ;1 3 3 1.784398774562906e-18 1 ;0 5 2 1.9207250125751722e-19 1 ;0 4 3 4.638567398346333e-20 1 ;
1 3 3 ;1 3 2 4.716843346829792e-21 2 ;1 2 3 5.2074792375689696e-20 2 ;0 3 3 0.0 2 ;2 3 2 3.0045059958606877 0 ;2 2 3 38.62196386463292 0 ;1 4 2 1.7659758758425694 0 ;2 3 1 534310000000.0 0 ;2 2 2 20583300000000.0 0 ;2 1 3 75900900000000.0 0 ;1 4 1 159113000000000.0 0 ;1 2 4 7.495233530119614e-19 1 ;0 4 3 2.336937075224098e-19 1 ;0 3 4 4.131196294067705e-20 1 ;
1 2 4 ;1 2 3 7.502579974346315e-21 2 ;1 1 4 3.415612399264122e-20 2 ;0 2 4 0.0 2 ;2 2 3 3.98319840036529 0 ;2 1 4 27.50703453518179 0 ;1 3 3 2.379710919147197 0 ;2 2 2 1074780000000.0 0 ;2 1 3 18217500000000.0 0 ;2 0 4 24007300000000.0 0 ;1 3 2 412206000000000.0 0 ;1 1 5 2.1168971967594322e-19 1 ;0 3 4 2.845097486273105e-19 1 ;0 2 5 3.799663889112537e-20 1 ;
1 1 5 ;1 1 4 1.1104283723686739e-20 2 ;1 0 5 1.7386784018388217e-20 2 ;0 1 5 0.0 2 ;2 1 4 5.122908726310891 0 ;2 0 5 12.782518812050098 0 ;1 2 4 2.6670963893694033 0 ;2 1 3 1610070000000.0 0 ;2 0 4 11403600000000.0 0 ;1 2 3 241479000000000.0 0 ;1 0 6 2.5220471839249916e-19 1 ;0 2 5 3.7624957867163483e-19 1 ;0 1 6 3.822070776832839e-20 1 ;
1 0 6 ;1 0 5 1.5657667235869434e-20 2 ;0 0 6 0.0 2 ;2 0 5 6.008375836224665 0 ;1 1 5 5.007639606675857 0 ;2 0 4 2765390000000.0 0 ;1 1 4 2859640000000000.0 0 ;0 1 6 3.9961894942387576e-19 1 ;0 0 7 3.227663875247382e-20 1 ;
0 7 0 ;0 6 0 1.566993780674776e-19 2 ;1 6 0 162.81012975561015 0 ;1 5 0 2425960000000000.0 0 ;0 6 1 4.7459131191178304e-18 1 ;
0 6 1 ;0 6 0 1.1110049702773553e-21 2 ;0 5 1 1.0504376697878239e-19 2 ;1 6 0 1.8632197668988288 0 ;1 5 1 138.87958697163543 0 ;0 7 0 0.26037649991690665 0 ;1 5 0 67022600000000.0 0 ;1 4 1 1186590000000000.0 0 ;0 5 2 2.9565193285752145e-18 1 ;
0 5 2 ;0 5 1 2.694183340726416e-21 2 ;0 4 2 8.718197048161435e-20 2 ;1 5 1 3.6756252263496236 0 ;1 4 2 118.55036003647912 0 ;0 6 1 0.7158165514436128 0 ;1 5 0 938682000000.0 0 ;1 4 1 75680600000000.0 0 ;1 3 2 934044000000000.0 0 ;0 6 0 123324000000000.0 0 ;0 4 3 1.8259492966394064e-18 1 ;
0 4 3 ;0 4 2 4.854700916889264e-21 2 ;0 3 3 6.945524508834134e-20 2 ;1 4 2 5.579413467310655 0 ;1 3 3 93.99048129170552 0 ;0 5 2 1.3220149047371932 0 ;1 4 1 1864240000000.0 0 ;1 3 2 105753000000000.0 0 ;1 2 3 622656000000000.0 0 ;0 5 1 226777000000000.0 0 ;0 3 4 1.0995396732316679e-18 1 ;
0 3 4 ;0 3 3 7.71077649733139e-21 2 ;0 2 4 5.187099546823811e-20 2 ;1 3 3 7.313091438736363 0 ;1 2 4 70.83301359886772 0 ;0 4 3 2.0478805445843595 0 ;1 3 2 4207710000000.0 0 ;1 2 3 116174000000000.0 0 ;1 1 4 395817000000000.0 0 ;0 4 2 437983000000000.0 0 ;0 2 5 6.283565172701916e-19 1 ;
0 2 5 ;0 2 4 1.1393624038555387e-20 2 ;0 1 5 3.4431916421469154e-20 2 ;1 2 4 9.096798881219133 0 ;1 1 5 49.23644845219086 0 ;0 3 4 2.870979155571772 0 ;1 2 3 7501380000000.0 0 ;1 1 4 121034000000000.0 0 ;1 0 5 130600000000000.0 0 ;0 3 3 652756000000000.0 0 ;0 1 6 3.2217853069127707e-19 1 ;
0 1 6 ;0 1 5 1.6050489911538978e-20 2 ;0 0 6 1.853058438443254e-20 2 ;1 1 5 11.211114871600289 0 ;1 0 6 24.02421068223484 0 ;0 2 5 3.774680248780028 0 ;1 1 4 13495500000000.0 0 ;1 0 5 71456900000000.0 0 ;0 2 4 728916000000000.0 0 ;0 0 7 1.2472578462731304e-19 1 ;
0 0 7 ;0 0 6 2.184376071132686e-20 2 ;1 0 6 12.697346359128067 0 ;0 1 6 4.746449207286702 0 ;1 0 5 18308800000000.0 0 ;0 1 5 2010080000000000.0 0 ;
2 6 0 ;2 5 0 9.609964251163293e-20 2 ;1 6 0 0.0 2 ;2 5 1 4.528735950283045e-18 1 ;1 7 0 2.209469922156977e-19 1 ;1 6 1 1.1601466524986836e-19 1 ;
2 5 1 ;2 5 0 7.360090922920638e-22 2 ;2 4 1 7.980092073223695e-20 2 ;1 5 1 0.0 2 ;2 6 0 0.2993269025710358 0 ;2 4 2 3.3314400445050775e-18 1 ;1 6 1 3.2855071027482656e-19 1 ;1 5 2 9.997583386879336e-20 1 ;
2 4 2 ;2 4 1 1.8248090647432752e-21 2 ;2 3 2 6.360184269181085e-20 2 ;1 4 2 0.0 2 ;2 5 1 0.9020068256444415 0 ;2 5 0 174231000000000.0 0 ;2 3 3 1.8590884002972447e-18 1 ;1 5 2 4.179956603360201e-19 1 ;1 4 3 8.976350013688069e-20 1 ;
2 3 3 ;2 3 2 3.354301030502019e-21 2 ;2 2 3 4.758164858996563e-20 2 ;1 3 3 0.0 2 ;2 4 2 1.5554143269133958 0 ;2 4 1 348242000000000.0 0 ;2 2 4 1.1152527683112359e-18 1 ;1 4 3 4.942733241695685e-19 1 ;1 3 4 8.12361596492555e-20 1 ;
2 2 4 ;2 2 3 5.4234783107728406e-21 2 ;2 1 4 3.156773187060222e-20 2 ;1 2 4 0.0 2 ;2 3 3 2.3393753849751224 0 ;2 3 2 689440000000000.0 0 ;2 1 5 5.099310499682293e-19 1 ;1 3 4 5.997918586711298e-19 1 ;1 2 5 7.172253911959893e-20 1 ;
2 1 5 ;2 1 4 8.145139724314388e-21 2 ;2 0 5 1.5648046400082932e-20 2 ;1 1 5 0.0 2 ;2 2 4 3.1152449822679307 0 ;2 2 3 715966000000000.0 0 ;2 0 6 1.5229968651907858e-19 1 ;1 2 5 7.280494965784359e-19 1 ;1 1 6 6.158842922284022e-20 1 ;
2 0 6 ;2 0 5 1.1648255403665958e-20 2 ;1 0 6 0.0 2 ;2 1 5 3.888393659845848 0 ;2 1 4 1257440000000000.0 0 ;1 1 6 7.218917256996757e-19 1 ;1 0 7 5.786820258078236e-20 1 ;
1 7 0 ;1 6 0 1.20619449584502e-19 2 ;0 7 0 0.0 2 ;2 6 0 86.75856411932186 0 ;2 5 0 653319000000000.0 0 ;1 6 1 5.28352527533022e-18 1 ;0 8 0 4.3642656245926504e-20 1 ;0 7 1 4.610446872064335e-20 1 ;
1 6 1 ;1 6 0 7.628390394985005e-22 2 ;1 5 1 9.562036460534533e-20 2 ;0 6 1 0.0 2 ;2 6 0 0.8843282818173768 0 ;2 5 1 74.14926740495737 0 ;1 7 0 0.21096515962892481 0 ;2 5 0 17626600000000.0 0 ;2 4 1 311615000000000.0 0 ;1 5 2 2.133790717785149e-18 1 ;0 7 1 8.620443344435686e-20 1 ;0 6 2 4.1814645327125664e-20 1 ;
1 5 2 ;1 5 1 1.88749893621087e-21 2 ;1 4 2 7.914488004307798e-20 2 ;0 5 2 0.0 2 ;2 5 1 1.7154506481914882 0 ;2 4 2 61.82100323278551 0 ;1 6 1 0.5307357434344921 0 ;2 5 0 234231000000.0 0 ;2 4 1 18813600000000.0 0 ;2 3 2 200935000000000.0 0 ;1 6 0 145936000000000.0 0 ;1 4 3 1.5558650127931207e-18 1 ;0 6 2 1.3507748401733885e-19 1 ;0 5 3 3.975408342851475e-20 1 ;
1 4 3 ;1 4 2 3.463212363608156e-21 2 ;1 3 3 6.337963827899558e-20 2 ;0 4 3 0.0 2 ;2 4 2 2.574239190006029 0 ;2 3 3 48.11814161975881 0 ;1 5 2 1.0359791180435354 0 ;2 4 1 405726000000.0 0 ;2 3 2 22450700000000.0 0 ;2 2 3 131561000000000.0 0 ;1 5 1 106692000000000.0 0 ;1 3 4 1.329204382015727e-18 1 ;0 5 3 1.8394146345281052e-19 1 ;0 4 4 3.6897853182569885e-20 1 ;
1 3 4 ;1 3 3 5.590340632920019e-21 2 ;1 2 4 4.7127842656802774e-20 2 ;0 3 4 0.0 2 ;2 3 3 3.362013120048587 0 ;2 2 4 36.65426186401744 0 ;1 4 3 1.8032432665449312 0 ;2 3 2 865752000000.0 0 ;2 2 3 23914300000000.0 0 ;2 1 4 68378200000000.0 0 ;1 4 2 524089000000000.0 0 ;1 2 5 5.397079423982159e-19 1 ;0 4 4 2.234892668582009e-19 1 ;0 3 5 3.266186757921087e-20 1 ;
1 2 5 ;1 2 4 8.383855274869205e-21 2 ;1 1 5 3.0885669351534754e-20 2 ;0 2 5 0.0 2 ;2 2 4 4.1744861501218855 0 ;2 1 5 26.105964707226722 0 ;1 3 4 2.2557992920171936 0 ;2 2 3 1446240000000.0 0 ;2 1 4 19918700000000.0 0 ;2 0 5 21681300000000.0 0 ;1 3 3 515687000000000.0 0 ;1 1 6 1.464788436049876e-19 1 ;0 3 5 2.72516997996781e-19 1 ;0 2 6 2.991696492998359e-20 1 ;
1 1 6 ;1 1 5 1.1973764987079836e-20 2 ;1 0 6 1.57456873269426e-20 2 ;0 1 6 0.0 2 ;2 1 5 5.145536427091496 0 ;2 0 6 12.131585858764875 0 ;1 2 5 2.3991534947600566 0 ;2 1 4 1940200000000.0 0 ;2 0 5 11993500000000.0 0 ;1 2 4 258612000000000.0 0 ;1 0 7 1.855224331331809e-19 1 ;0 2 6 3.631965652152236e-19 1 ;0 1 7 3.0104160222242053e-20 1 ;
1 0 7 ;1 0 6 1.6492532078773807e-20 2 ;0 0 7 0.0 2 ;2 0 6 5.884549198086915 0 ;1 1 6 4.478544641362863 0 ;2 0 5 3160000000000.0 0 ;1 1 5 3171810000000000.0 0 ;0 1 7 3.8416620777155213e-19 1 ;0 0 8 2.514578221351558e-20 1 ;
0 8 0 ;0 7 0 1.6364509038261155e-19 2 ;1 7 0 177.30638726955428 0 ;1 6 0 2987970000000000.0 0 ;0 7 1 5.808426058330094e-18 1 ;
0 7 1 ;0 7 0 7.903026410855239e-22 2 ;0 6 1 1.1135743238402943e-19 2 ;1 7 0 1.5844988952117014 0 ;1 6 1 154.50028728002178 0 ;0 8 0 0.11013069212341269 0 ;1 6 0 70707400000000.0 0 ;1 5 1 1376480000000000.0 0 ;0 6 2 3.561964744247907e-18 1 ;
0 6 2 ;0 6 1 1.951539459929773e-21 2 ;0 5 2 9.507870687492597e-20 2 ;1 6 1 3.126507495498177 0 ;1 5 2 134.37032117407438 0 ;0 7 1 0.39882611110760674 0 ;1 6 0 809788000000.0 0 ;1 5 1 73659600000000.0 0 ;1 4 2 1196540000000000.0 0 ;0 7 0 93970200000000.0 0 ;0 5 3 2.195415549365011e-18 1 ;
0 5 3 ;0 5 2 3.574059452627159e-21 2 ;0 4 3 7.892093272005254e-20 2 ;1 5 2 4.705543532479246 0 ;1 4 3 112.76476040548327 0 ;0 6 2 0.8203544123224171 0 ;1 5 1 1439980000000.0 0 ;1 4 2 110474000000000.0 0 ;1 3 3 846488000000000.0 0 ;0 6 1 169208000000000.0 0 ;0 4 4 1.3424458866411836e-18 1 ;
0 4 4 ;0 4 3 5.760154633419905e-21 2 ;0 3 4 6.287716238003009e-20 2 ;1 4 3 6.2531429190325225 0 ;1 3 4 89.36216534001879 0 ;0 5 3 1.344032998029872 0 ;1 4 2 3338510000000.0 0 ;1 3 3 123904000000000.0 0 ;1 2 4 567112000000000.0 0 ;0 5 2 347882000000000.0 0 ;0 3 5 8.006480484061744e-19 1 ;
0 3 5 ;0 3 4 8.625080419177175e-21 2 ;0 2 5 4.6962030674144245e-20 2 ;1 3 4 7.67966452039457 0 ;1 2 5 67.38029024077527 0 ;0 4 4 1.948502642373148 0 ;1 3 3 5716350000000.0 0 ;1 2 4 128321000000000.0 0 ;1 1 5 365621000000000.0 0 ;0 4 3 557379000000000.0 0 ;0 2 6 4.531881396666495e-19 1 ;
0 2 6 ;0 2 5 1.229766260009067e-20 2 ;0 1 6 3.11745484630542e-20 2 ;1 2 5 9.173705675746163 0 ;1 1 6 46.95790043302716 0 ;0 3 5 2.618491540586077 0 ;1 2 4 9209950000000.0 0 ;1 1 5 130251000000000.0 0 ;1 0 6 120149000000000.0 0 ;0 3 4 744814000000000.0 0 ;0 1 7 2.3009117005402484e-19 1 ;
0 1 7 ;0 1 6 1.6921368861729646e-20 2 ;0 0 7 1.6780378342681874e-20 2 ;1 1 6 11.014953080202616 0 ;1 0 7 22.88095483416026 0 ;0 2 6 3.342746424918076 0 ;1 1 5 15650200000000.0 0 ;1 0 6 74499300000000.0 0 ;0 2 5 773790000000000.0 0 ;0 0 8 8.815402116719216e-20 1 ;
0 0 8 ;0 0 7 2.265359630138373e-20 2 ;1 0 7 12.204407280461492 0 ;0 1 7 4.112831377733669 0 ;1 0 6 20145000000000.0 0 ;0 1 6 2026650000000000.0 0 ;
2 7 0 ;2 6 0 1.0135046660739467e-19 2 ;1 7 0 0.0 2 ;2 6 1 5.28352527533022e-18 1 ;1 8 0 1.1229820843119142e-19 1 ;1 7 1 1.0600519513864108e-19 1 ;
2 6 1 ;2 6 0 5.010890693053599e-22 2 ;2 5 1 8.663729889421341e-20 2 ;1 6 1 0.0 2 ;2 7 0 0.15995985132074172 0 ;2 5 2 4.157290540282462e-18 1 ;1 7 1 2.2416430085734564e-19 1 ;1 6 2 8.638526715966004e-20 1 ;
2 5 2 ;2 5 1 1.2711045414737036e-21 2 ;2 4 2 7.200522706936732e-20 2 ;1 5 2 0.0 2 ;2 6 1 0.5805694662869986 0 ;2 6 0 145679000000000.0 0 ;2 4 3 2.6876248952335298e-18 1 ;1 6 2 2.789327661631723e-19 1 ;1 5 3 7.87240435937996e-20 1 ;
2 4 3 ;2 4 2 2.3848035013512312e-21 2 ;2 3 3 5.730861246444436e-20 2 ;1 4 3 0.0 2 ;2 5 2 1.04833767901481 0 ;2 5 1 286533000000000.0 0 ;2 3 4 1.31895517469887e-18 1 ;1 5 3 3.9688936168213345e-19 1 ;1 4 4 6.957986575547251e-20 1 ;
2 3 4 ;2 3 3 3.926116373993025e-21 2 ;2 2 4 4.289228768925004e-20 2 ;1 3 4 0.0 2 ;2 4 3 1.5415253634704453 0 ;2 4 2 495644000000000.0 0 ;2 2 5 8.0417518940694105e-19 1 ;1 4 4 4.693382986444421e-19 1 ;1 3 5 6.28438982156649e-20 1 ;
2 2 5 ;2 2 4 5.992048082811581e-21 2 ;2 1 5 2.8447547104062927e-20 2 ;1 2 5 0.0 2 ;2 3 4 2.188610849639957 0 ;2 3 3 872276000000000.0 0 ;2 1 6 3.5675959179231463e-19 1 ;1 3 5 5.6955787515620755e-19 1 ;1 2 6 5.505944854804087e-20 1 ;
2 1 6 ;2 1 5 8.692393749164902e-21 2 ;2 0 6 1.4091615851280643e-20 2 ;1 1 6 0.0 2 ;2 2 5 2.7745996803972433 0 ;2 2 4 787606000000000.0 0 ;2 0 7 1.023674333830407e-19 1 ;1 2 6 6.913773615707981e-19 1 ;1 1 7 4.679469982029239e-20 1 ;
2 0 7 ;2 0 6 1.2152061535504515e-20 2 ;1 0 7 0.0 2 ;2 1 6 3.32890085937179 0 ;2 1 5 1228450000000000.0 0 ;1 1 7 6.855565186567071e-19 1 ;1 0 8 4.399513473204187e-20 1 ;
1 8 0 ;1 7 0 1.249000466683505e-19 2 ;0 8 0 0.0 2 ;2 7 0 99.81372614738902 0 ;2 6 0 799658000000000.0 0 ;1 7 1 6.0383146003773944e-18 1 ;0 8 1 3.9751256060979065e-20 1 ;
1 7 1 ;1 7 0 5.216363473894663e-22 2 ;1 6 1 1.0089575000608868e-19 2 ;0 7 1 0.0 2 ;2 7 0 0.7820845676944718 0 ;2 6 1 87.28106265226066 0 ;1 8 0 0.08109360965729114 0 ;2 6 0 18436400000000.0 0 ;2 5 1 353387000000000.0 0 ;1 6 2 1.4925084185976516e-18 1 ;0 8 1 4.1428709658504696e-20 1 ;0 7 2 3.607909466702784e-20 1 ;
1 6 2 ;1 6 1 1.313334526276563e-21 2 ;1 5 2 8.669462377633962e-20 2 ;0 6 2 0.0 2 ;2 6 1 1.4891168737036835 0 ;2 5 2 67.68831057815764 0 ;1 7 1 0.2433538667877422 0 ;2 6 0 198410000000.0 0 ;2 5 1 18065200000000.0 0 ;2 4 2 256329000000000.0 0 ;1 7 0 106670000000000.0 0 ;1 5 3 4.025546993817618e-18 1 ;0 7 2 9.263009739712306e-20 1 ;0 6 3 3.6430395083336677e-20 1 ;
1 5 3 ;1 5 2 2.4699472977329767e-21 2 ;1 4 3 7.131665222378382e-20 2 ;0 5 3 0.0 2 ;2 5 2 2.1278723328724656 0 ;2 4 3 58.579003697866625 0 ;1 6 2 0.7418142414873584 0 ;2 5 1 314013000000.0 0 ;2 4 2 22929500000000.0 0 ;2 3 3 179330000000000.0 0 ;1 6 1 99297200000000.0 0 ;1 4 4 1.101481132272838e-18 1 ;0 6 3 1.2876420792411612e-19 1 ;0 5 4 3.0975107230213606e-20 1 ;
1 4 4 ;1 4 3 4.058422528026279e-21 2 ;1 3 4 5.713428015936353e-20 2 ;0 4 4 0.0 2 ;2 4 3 2.8271821277511804 0 ;2 3 4 45.59563948923014 0 ;1 5 3 1.0259965190536506 0 ;2 4 2 637565000000.0 0 ;2 3 3 25852000000000.0 0 ;2 2 4 117784000000000.0 0 ;1 5 2 257254000000000.0 0 ;1 3 5 9.580475991177444e-19 1 ;0 5 4 1.7569026252783718e-19 1 ;0 4 5 2.866114251621695e-20 1 ;
1 3 5 ;1 3 4 6.18314572344305e-21 2 ;1 2 5 4.247017332222466e-20 2 ;0 3 5 0.0 2 ;2 3 4 3.4644287492336887 0 ;2 2 5 34.733230533191374 0 ;1 4 4 1.686791542719408 0 ;2 3 3 1145620000000.0 0 ;2 2 4 25922600000000.0 0 ;2 1 5 61393200000000.0 0 ;1 4 3 662921000000000.0 0 ;1 2 6 3.7706244683814423e-19 1 ;0 4 5 2.1320825165656728e-19 1 ;0 3 6 2.5204450089881033e-20 1 ;
1 2 6 ;1 2 5 8.955779603536622e-21 2 ;1 1 6 2.7806734327451e-20 2 ;0 2 6 0.0 2 ;2 2 5 4.126050059722091 0 ;2 1 6 24.73803498574922 0 ;1 3 5 2.008196734076351 0 ;2 2 4 1720970000000.0 0 ;2 1 5 20826400000000.0 0 ;2 0 6 19517400000000.0 0 ;1 3 4 566174000000000.0 0 ;1 1 7 9.87281401366918e-20 1 ;0 3 6 2.60340468476432e-19 1 ;0 2 7 2.296870921103832e-20 1 ;
1 1 7 ;1 1 6 1.2502613316209494e-20 2 ;1 0 7 1.4197695991418396e-20 2 ;0 1 7 0.0 2 ;2 1 6 4.937346340662122 0 ;2 0 7 11.496059211351062 0 ;1 2 6 2.05586433926483 0 ;2 1 5 2146440000000.0 0 ;2 0 6 12201600000000.0 0 ;1 2 5 253717000000000.0 0 ;1 0 8 1.3156094564483096e-19 1 ;0 2 7 3.493224371036571e-19 1 ;0 1 8 2.3077091633239567e-20 1 ;
1 0 8 ;1 0 7 1.6954133021633243e-20 2 ;0 0 8 0.0 2 ;2 0 7 5.545211474356296 0 ;1 1 7 3.8324598607199203 0 ;2 0 6 3377450000000.0 0 ;1 1 6 3249170000000000.0 0 ;0 1 8 3.681739101478353e-19 1 ;0 0 9 1.905044903450187e-20 1 ;
0 8 1 ;0 8 0 5.425155558754868e-22 2 ;0 7 1 1.1513944330372681e-19 2 ;1 8 0 1.3234985424107797 0 ;1 7 1 167.99463559569486 0 ;1 7 0 72472400000000.0 0 ;1 6 1 1492440000000000.0 0 ;0 7 2 4.275121082332123e-18 1 ;
0 7 2 ;0 7 1 1.3694958588212173e-21 2 ;0 6 2 1.0036674964909976e-19 2 ;1 7 1 2.612136092014364 0 ;1 6 2 152.56087538879405 0 ;0 8 1 0.16533104457503048 0 ;1 7 0 686306000000.0 0 ;1 6 1 68246000000000.0 0 ;1 5 2 1323280000000000.0 0 ;0 8 0 54964800000000.0 0 ;0 6 3 2.5913059078512024e-18 1 ;
0 6 3 ;0 6 2 2.557227293075944e-21 2 ;0 5 3 8.57031164412855e-20 2 ;1 6 2 4.01113440380996 0 ;1 5 3 127.49159176979526 0 ;0 7 2 0.44782278446637414 0 ;1 6 1 1078640000000.0 0 ;1 5 2 102461000000000.0 0 ;1 4 3 1078180000000000.0 0 ;0 7 1 111775000000000.0 0 ;0 5 4 1.5802392770903365e-18 1 ;
0 5 4 ;0 5 3 4.193514918912168e-21 2 ;0 4 4 7.113754453751548e-20 2 ;1 5 3 5.176835589942978 0 ;1 4 4 107.06286778291367 0 ;0 6 3 0.8169508962554409 0 ;1 5 2 2438710000000.0 0 ;1 4 3 128432000000000.0 0 ;1 3 4 763661000000000.0 0 ;0 6 2 253725000000000.0 0 ;0 4 5 9.565820802784143e-19 1 ;
0 4 5 ;0 4 4 6.378035111812236e-21 2 ;0 3 5 5.667843013443404e-20 2 ;1 4 4 6.45242298390494 0 ;1 3 5 84.80918546590419 0 ;0 5 4 1.252444292749163 0 ;1 4 3 4447990000000.0 0 ;1 3 4 135294000000000.0 0 ;1 2 5 514121000000000.0 0 ;0 5 3 432635000000000.0 0 ;0 3 6 5.648962529317474e-19 1 ;
0 3 6 ;0 3 5 9.223052423276028e-21 2 ;0 2 6 4.2334009871960974e-20 2 ;1 3 5 7.6037327254546865 0 ;1 2 6 63.9768754755384 0 ;0 4 5 1.7403283391032156 0 ;1 3 4 6860210000000.0 0 ;1 2 5 135265000000000.0 0 ;1 1 6 335751000000000.0 0 ;0 4 4 621430000000000.0 0 ;0 2 7 3.1654617894623175e-19 1 ;
0 2 7 ;0 2 6 1.2853989500215579e-20 2 ;0 1 7 2.810338631443857e-20 2 ;1 2 6 8.833126633418194 0 ;1 1 7 44.68655983439538 0 ;0 3 6 2.2706371427191048 0 ;1 2 5 10358200000000.0 0 ;1 1 6 135340000000000.0 0 ;1 0 7 109982000000000.0 0 ;0 3 5 772552000000000.0 0 ;0 1 8 1.5902764318420173e-19 1 ;
0 1 8 ;0 1 7 1.7409783076267915e-20 2 ;0 0 8 1.513004954528219e-20 2 ;1 1 7 10.408401536919625 0 ;1 0 8 21.748336246764083 0 ;0 2 7 2.836121917725095 0 ;1 1 6 16947200000000.0 0 ;1 0 7 75628900000000.0 0 ;0 2 6 762326000000000.0 0 ;0 0 9 6.023329552438265e-20 1 ;
0 0 9 ;0 0 8 2.3048086038108708e-20 2 ;1 0 8 11.339002173191403 0 ;0 1 8 3.431349270330457 0 ;1 0 7 20972900000000.0 0 ;0 1 7 1920910000000000.0 0 ;
2 8 0 ;2 7 0 1.0444402223901902e-19 2 ;1 8 0 0.0 2 ;2 7 1 6.0383146003773944e-18 1 ;1 8 1 8.797990244978623e-20 1 ;
2 7 1 ;2 7 0 3.2573822822849314e-22 2 ;2 6 1 9.109782654576421e-20 2 ;1 7 1 0.0 2 ;2 8 0 0.05876295270654362 0 ;2 6 2 4.989997402333882e-18 1 ;1 8 1 1.0541109453520533e-19 1 ;1 7 2 7.295798092571252e-20 1 ;
2 6 2 ;2 6 1 8.506155814396509e-22 2 ;2 5 2 7.783939806046825e-20 2 ;1 6 2 0.0 2 ;2 7 1 0.3038208356725551 0 ;2 7 0 105451000000000.0 0 ;2 5 3 2.8793793176432822e-18 1 ;1 7 2 1.9225510207753024e-19 1 ;1 6 3 6.573935818616739e-20 1 ;
2 5 3 ;2 5 2 1.6358356323656841e-21 2 ;2 4 3 6.477453775135651e-20 2 ;1 5 3 0.0 2 ;2 6 2 0.630963440389964 0 ;2 6 1 201754000000000.0 0 ;2 4 4 1.9721359789323735e-18 1 ;1 6 3 2.6436357686575007e-19 1 ;1 5 4 6.002901821992942e-20 1 ;
2 4 4 ;2 4 3 2.7540122367675367e-21 2 ;2 3 4 5.153250914596814e-20 2 ;1 4 4 0.0 2 ;2 5 3 1.0337695619792413 0 ;2 5 2 479466000000000.0 0 ;2 3 5 9.043016984039903e-19 1 ;1 5 4 3.7617889448324266e-19 1 ;1 4 5 5.2522475219667076e-20 1 ;
2 3 5 ;2 3 4 4.286321334872787e-21 2 ;2 2 5 3.85831141096237e-20 2 ;1 3 5 0.0 2 ;2 4 4 1.3952801974372866 0 ;2 4 3 587757000000000.0 0 ;2 2 6 5.582095287098528e-19 1 ;1 4 5 4.448674326230905e-19 1 ;1 3 6 4.729196308563094e-20 1 ;
2 2 6 ;2 2 5 6.327256758150214e-21 2 ;2 1 6 2.5585873071580255e-20 2 ;1 2 6 0.0 2 ;2 3 5 1.9128465670862502 0 ;2 3 4 960477000000000.0 0 ;2 1 7 2.408669745744033e-19 1 ;1 3 6 5.398858309390027e-19 1 ;1 2 7 4.1097554235887616e-20 1 ;
2 1 7 ;2 1 6 8.98406484168364e-21 2 ;2 0 7 1.2667855931756149e-20 2 ;1 1 7 0.0 2 ;2 2 6 2.340567327026657 0 ;2 2 5 785396000000000.0 0 ;2 0 8 6.667415657765317e-20 1 ;1 2 7 6.553861509113378e-19 1 ;1 1 8 3.4556321635100304e-20 1 ;
2 0 8 ;2 0 7 1.2376824308017487e-20 2 ;1 0 8 0.0 2 ;2 1 7 2.7244268994396528 0 ;2 1 6 1118090000000000.0 0 ;1 1 8 6.498939894732702e-19 1 ;1 0 9 3.242731388072968e-20 1 ;
1 8 1 ;1 8 0 3.408744675699733e-22 2 ;1 7 1 1.0401400446259212e-19 2 ;0 8 1 0.0 2 ;2 8 0 0.6289248941033545 0 ;2 7 1 93.08500415694682 0 ;2 7 0 18721900000000.0 0 ;2 6 1 377286000000000.0 0 ;1 7 2 1.926415089740738e-18 1 ;0 8 2 3.0430603365632985e-20 1 ;
1 7 2 ;1 7 1 8.782754992778236e-22 2 ;1 6 2 9.054214767252644e-20 2 ;0 7 2 0.0 2 ;2 7 1 1.2044817717103073 0 ;2 6 2 79.86374016517063 0 ;1 8 1 0.10168933074914058 0 ;2 7 0 164567000000.0 0 ;2 6 1 16147100000000.0 0 ;2 5 2 268501000000000.0 0 ;1 8 0 58842000000000.0 0 ;1 6 3 2.254201232711123e-18 1 ;0 8 2 4.34672416517334e-20 1 ;0 7 3 3.017943888287966e-20 1 ;
1 6 3 ;1 6 2 1.700835687067942e-21 2 ;1 5 3 7.797952723945693e-20 2 ;0 6 3 0.0 2 ;2 6 2 1.8004978566081462 0 ;2 5 3 64.03337446811686 0 ;1 7 2 0.3429657674258375 0 ;2 6 1 210292000000.0 0 ;2 5 2 20740200000000.0 0 ;2 4 3 227021000000000.0 0 ;1 7 1 31393300000000.0 0 ;1 5 4 3.47031091329946e-18 1 ;0 7 3 8.846738773573056e-20 1 ;0 6 4 2.7863471450211886e-20 1 ;
1 5 4 ;1 5 3 2.8564481928718124e-21 2 ;1 4 4 6.413225302204235e-20 2 ;0 5 4 0.0 2 ;2 5 3 2.291457814903782 0 ;2 4 4 55.41725268961871 0 ;1 6 3 0.8519182873718375 0 ;2 5 2 490462000000.0 0 ;2 4 3 26159100000000.0 0 ;2 3 4 159416000000000.0 0 ;1 6 2 542203000000000.0 0 ;1 4 5 7.539953059975694e-19 1 ;0 6 4 1.224509318308934e-19 1 ;0 5 5 2.348446817233948e-20 1 ;
1 4 5 ;1 4 4 4.436553081502851e-21 2 ;1 3 5 5.1395686575492276e-20 2 ;0 4 5 0.0 2 ;2 4 4 2.8488677568862815 0 ;2 3 5 43.13511490215802 0 ;1 5 4 0.9281724987657937 0 ;2 4 3 820224000000.0 0 ;2 3 4 27754900000000.0 0 ;2 2 5 105057000000000.0 0 ;1 5 3 304387000000000.0 0 ;1 3 6 6.648425172483967e-19 1 ;0 5 5 1.6735659671640638e-19 1 ;0 4 6 2.1643498485666747e-20 1 ;
1 3 6 ;1 3 5 6.5368279448940315e-21 2 ;1 2 6 3.8201942828036926e-20 2 ;0 3 6 0.0 2 ;2 3 5 3.353642241402465 0 ;2 2 6 32.85931471278977 0 ;1 4 5 1.4741283373844942 0 ;2 3 4 1335670000000.0 0 ;2 2 5 26845700000000.0 0 ;2 1 6 54925900000000.0 0 ;1 4 4 729950000000000.0 0 ;1 2 7 2.543299563234889e-19 1 ;0 4 6 2.0289425050035061e-19 1 ;0 3 7 1.889647531078771e-20 1 ;
1 2 7 ;1 2 6 9.265929867270929e-21 2 ;1 1 7 2.4994979882409903e-20 2 ;0 2 7 0.0 2 ;2 2 6 3.880287816550496 0 ;2 1 7 23.403738931274912 0 ;1 3 6 1.6935131160908965 0 ;2 2 5 1872440000000.0 0 ;2 1 6 21087500000000.0 0 ;2 0 7 17509700000000.0 0 ;1 3 5 563811000000000.0 0 ;1 1 8 6.448070840486506e-20 1 ;0 3 7 2.4804024162639686e-19 1 ;0 2 8 1.7112288588789977e-20 1 ;
1 1 8 ;1 1 7 1.2746092490102046e-20 2 ;1 0 8 1.2776681507681058e-20 2 ;0 1 8 0.0 2 ;2 1 7 4.5428040016976174 0 ;2 0 8 10.876163617669624 0 ;1 2 7 1.6840865195846833 0 ;2 1 6 2217810000000.0 0 ;2 0 7 12099200000000.0 0 ;1 2 6 231884000000000.0 0 ;1 0 9 8.943658576556715e-20 1 ;0 2 8 3.3475089166662194e-19 1 ;0 1 9 1.7129724021926703e-20 1 ;
1 0 9 ;1 0 8 1.7108799035848257e-20 2 ;0 0 9 0.0 2 ;2 0 8 5.033117714123434 0 ;1 1 8 3.1405932244811603 0 ;2 0 7 3408590000000.0 0 ;1 1 7 3101150000000000.0 0 ;0 1 9 3.517480828353134e-19 1 ;0 0 10 1.395765326084972e-20 1 ;
0 8 2 ;0 8 1 9.243370788219388e-22 2 ;0 7 2 1.0354302625128717e-19 2 ;1 8 1 2.135413273335867 0 ;1 7 2 164.40255167213334 0 ;1 8 0 569686000000.0 0 ;1 7 1 60458700000000.0 0 ;1 6 2 1553570000000000.0 0 ;0 7 3 3.0348256286156163e-18 1 ;
0 7 3 ;0 7 2 1.7682181705266537e-21 2 ;0 6 3 9.027127830114295e-20 2 ;1 7 2 3.259496227513394 0 ;1 6 3 144.69259904164082 0 ;0 8 2 0.1811631186680944 0 ;1 7 1 779029000000.0 0 ;1 6 2 102358000000000.0 0 ;1 5 3 1178890000000000.0 0 ;0 8 1 55644700000000.0 0 ;0 6 4 1.81856279895243e-18 1 ;
0 6 4 ;0 6 3 2.961969523320156e-21 2 ;0 5 4 7.709085477680747e-20 2 ;1 6 3 4.323877414775755 0 ;1 5 4 120.74333509394334 0 ;0 7 3 0.4350881623799778 0 ;1 6 2 1929290000000.0 0 ;1 5 3 117517000000000.0 0 ;1 4 4 966528000000000.0 0 ;0 7 2 163172000000000.0 0 ;0 5 5 1.0972777792031202e-18 1 ;
0 5 5 ;0 5 4 4.5906246626396376e-21 2 ;0 4 5 6.3995420819524e-20 2 ;1 5 4 5.224189236542262 0 ;1 4 5 101.45214127102636 0 ;0 6 4 0.7425829477038449 0 ;1 5 3 3161080000000.0 0 ;1 4 4 139081000000000.0 0 ;1 3 5 685708000000000.0 0 ;0 6 3 307111000000000.0 0 ;0 4 6 6.574418827237418e-19 1 ;
0 4 6 ;0 4 5 6.750976079821097e-21 2 ;0 3 6 5.0995190501332914e-20 2 ;1 4 5 6.253321855092837 0 ;1 3 6 80.33871261805132 0 ;0 5 5 1.0910238544017825 0 ;1 4 4 5217150000000.0 0 ;1 3 5 140989000000000.0 0 ;1 2 6 463853000000000.0 0 ;0 5 4 469428000000000.0 0 ;0 3 7 3.8426516563530113e-19 1 ;
0 3 7 ;0 3 6 9.55267646751179e-21 2 ;0 2 7 3.809061722109351e-20 2 ;1 3 6 7.161340510348955 0 ;1 2 7 60.628280592813496 0 ;0 4 6 1.4717701689921592 0 ;1 3 5 7519780000000.0 0 ;1 2 6 137814000000000.0 0 ;1 1 7 306486000000000.0 0 ;0 4 5 627320000000000.0 0 ;0 2 8 2.1303154118558695e-19 1 ;
0 2 8 ;0 2 7 1.3118676385936373e-20 2 ;0 1 8 2.528869676045082e-20 2 ;1 2 7 8.151319806014815 0 ;1 1 8 42.429533926568645 0 ;0 3 7 1.8787073066852782 0 ;1 2 6 10857300000000.0 0 ;1 1 7 136822000000000.0 0 ;1 0 8 100164000000000.0 0 ;0 3 6 740806000000000.0 0 ;0 1 9 1.0579314257346472e-19 1 ;
0 1 9 ;0 1 8 1.7585725611148962e-20 2 ;0 0 9 1.3618064247133135e-20 2 ;1 1 8 9.469455552865703 0 ;1 0 9 20.629002568116903 0 ;0 2 8 2.3073999611085876 0 ;1 1 7 17300300000000.0 0 ;1 0 8 75128200000000.0 0 ;0 2 7 703378000000000.0 0 ;0 0 10 3.955593208705551e-20 1 ;
0 0 10 ;0 0 9 2.3103600379660708e-20 2 ;1 0 9 10.178599305991753 0 ;0 1 9 2.7545649209421508 0 ;1 0 8 20769600000000.0 0 ;0 1 8 1720040000000000.0 0 ;
2 8 1 ;2 8 0 2.0035048349313823e-22 2 ;2 7 1 9.34126083083908e-20 2 ;1 8 1 0.0 2 ;2 7 2 5.7028474422683996e-18 1 ;1 8 2 1.0852873847122036e-19 1 ;
2 7 2 ;2 7 1 5.422388914979807e-22 2 ;2 6 2 8.150251965221176e-20 2 ;1 7 2 0.0 2 ;2 8 1 0.11277594868888664 0 ;2 8 0 59250600000000.0 0 ;2 6 3 3.554578246560931e-18 1 ;1 8 2 9.969333272918619e-20 1 ;1 7 3 5.4161877162441613e-20 1 ;
2 6 3 ;2 6 2 1.0757423769116806e-21 2 ;2 5 3 6.962440820625393e-20 2 ;1 6 3 0.0 2 ;2 7 2 0.33352133570659487 0 ;2 7 1 134221000000000.0 0 ;2 5 4 1.9638659288904953e-18 1 ;1 7 3 1.818621702442757e-19 1 ;1 6 4 5.493834297192904e-20 1 ;
2 5 4 ;2 5 3 1.860094764765268e-21 2 ;2 4 4 5.795936556511024e-20 2 ;1 5 4 0.0 2 ;2 6 3 0.5952880362396827 0 ;2 6 2 275547000000000.0 0 ;2 4 5 1.3283561717550215e-18 1 ;1 6 4 2.8617200512433183e-19 1 ;1 5 5 4.698130607764759e-20 1 ;
2 4 5 ;2 4 4 2.9643886991686327e-21 2 ;2 3 5 4.6112171211554864e-20 2 ;1 4 5 0.0 2 ;2 5 4 0.9119090934498759 0 ;2 5 3 595397000000000.0 0 ;2 3 6 6.031682067366601e-19 1 ;1 5 5 3.810749525992034e-19 1 ;1 4 6 4.240615417698705e-20 1 ;
2 3 6 ;2 3 5 4.468278371930097e-21 2 ;2 2 6 3.4528580831986483e-20 2 ;1 3 6 0.0 2 ;2 4 5 1.1797296313451437 0 ;2 4 4 606261000000000.0 0 ;2 2 7 3.680384321200837e-19 1 ;1 4 6 4.699061282911921e-19 1 ;1 3 7 3.750868237725845e-20 1 ;
2 2 7 ;2 2 6 6.463175775850044e-21 2 ;2 1 7 2.2895186600999095e-20 2 ;1 2 7 0.0 2 ;2 3 6 1.5694637961547089 0 ;2 3 5 950166000000000.0 0 ;2 1 8 1.5717100516910208e-19 1 ;1 3 7 5.632646262496959e-19 1 ;1 2 8 3.3457182505602854e-20 1 ;
2 1 8 ;2 1 7 9.05270494310401e-21 2 ;2 0 8 1.1327466541416766e-20 2 ;1 1 8 0.0 2 ;2 2 7 1.8790912848732526 0 ;2 2 6 721302000000000.0 0 ;2 0 9 4.306493081280159e-20 1 ;1 2 8 7.111453729244606e-19 1 ;1 1 9 3.201110181808076e-20 1 ;
2 0 9 ;2 0 8 1.2352067442490236e-20 2 ;1 0 9 0.0 2 ;2 1 8 2.1517157459239886 0 ;2 1 7 955700000000000.0 0 ;1 1 9 8.310351809959461e-19 1 ;1 0 10 2.8413512242883226e-20 1 ;
1 8 2 ;1 8 1 5.683523122013671e-22 2 ;1 7 2 9.224888118745249e-20 2 ;0 8 2 0.0 2 ;2 8 1 1.6356286292347977 0 ;2 7 2 87.90052966372798 0 ;2 8 0 133120000000.0 0 ;2 7 1 13974600000000.0 0 ;2 6 2 288450000000000.0 0 ;1 7 3 1.3142782375669247e-18 1 ;0 8 3 2.2584187226185194e-20 1 ;
1 7 3 ;1 7 2 1.123706298834654e-21 2 ;1 6 3 8.098735985808456e-20 2 ;0 7 3 0.0 2 ;2 7 2 1.4190900203613008 0 ;2 6 3 75.42050716185474 0 ;1 8 2 0.10780162873455863 0 ;2 7 1 148508000000.0 0 ;2 6 2 18412000000000.0 0 ;2 5 3 235694000000000.0 0 ;1 8 1 16970400000000.0 0 ;1 6 4 4.4029416563412055e-18 1 ;0 8 3 4.1101677480210495e-20 1 ;0 7 4 2.230039020979084e-20 1 ;
1 6 4 ;1 6 3 1.9427028286325753e-21 2 ;1 5 4 6.89324703188879e-20 2 ;0 6 4 0.0 2 ;2 6 3 1.964077515355648 0 ;2 5 4 63.25085243549661 0 ;1 7 3 0.32254646353194605 0 ;2 6 2 313606000000.0 0 ;2 5 3 23361900000000.0 0 ;2 4 4 200171000000000.0 0 ;1 7 2 121347000000000.0 0 ;1 5 5 1.1977789143986474e-18 1 ;0 7 4 7.335275211788249e-20 1 ;0 6 5 1.8190340268750444e-20 1 ;
1 5 5 ;1 5 4 3.0844664004689635e-21 2 ;1 4 5 5.696897395449843e-20 2 ;0 5 5 0.0 2 ;2 5 4 2.296152225900869 0 ;2 4 5 53.54285984138944 0 ;1 6 4 0.6013636217310411 0 ;2 5 3 617389000000.0 0 ;2 4 4 27828500000000.0 0 ;2 3 5 141123000000000.0 0 ;1 6 3 795072000000000.0 0 ;1 4 6 6.988168723990686e-19 1 ;0 6 5 1.0835403071891118e-19 1 ;0 5 6 1.618785721160172e-20 1 ;
1 4 6 ;1 4 5 4.631542907973755e-21 2 ;1 3 6 4.545710687979239e-20 2 ;0 4 6 0.0 2 ;2 4 5 2.7738195250922835 0 ;2 3 6 42.26115025686712 0 ;1 5 5 0.8757358706163685 0 ;2 4 4 926309000000.0 0 ;2 3 5 28450700000000.0 0 ;2 2 6 93334700000000.0 0 ;1 5 4 313512000000000.0 0 ;1 3 7 3.99511745071481e-19 1 ;0 5 6 1.4213647829809842e-19 1 ;0 4 7 1.4306833151506788e-20 1 ;
1 3 7 ;1 3 6 6.679556046272717e-21 2 ;1 2 7 3.378972453896356e-20 2 ;0 3 7 0.0 2 ;2 3 6 3.162028403036466 0 ;2 2 7 32.061295654749436 0 ;1 4 6 1.1726699114226868 0 ;2 3 5 1417220000000.0 0 ;2 2 6 26900500000000.0 0 ;2 1 7 48955600000000.0 0 ;1 4 5 722289000000000.0 0 ;1 2 8 2.1739039946976764e-19 1 ;0 4 7 1.7446153571962086e-19 1 ;0 3 8 1.2545029755833228e-20 1 ;
1 2 8 ;1 2 7 9.315173971178627e-21 2 ;1 1 8 2.1923905143491654e-20 2 ;0 2 8 0.0 2 ;2 2 7 3.623635763019121 0 ;2 1 8 23.136161908905343 0 ;1 3 7 1.487635978873748 0 ;2 2 6 1893240000000.0 0 ;2 1 7 20833900000000.0 0 ;2 0 8 15652400000000.0 0 ;1 3 6 517415000000000.0 0 ;1 1 9 1.0625176514914891e-19 1 ;0 3 8 2.0518206206464216e-19 1 ;0 2 9 1.0899725683327947e-20 1 ;
1 1 9 ;1 1 8 1.2541421110021409e-20 2 ;1 0 9 1.1000319549867702e-20 2 ;0 1 9 0.0 2 ;2 1 8 4.371876384760608 0 ;2 0 9 11.356715607724514 0 ;1 2 8 1.8174148086773279 0 ;2 1 7 2158450000000.0 0 ;2 0 8 11752800000000.0 0 ;1 2 7 199029000000000.0 0 ;1 0 10 3.918542913290015e-20 1 ;0 2 9 2.341743600034762e-19 1 ;0 1 10 9.367810829701688e-21 1 ;
1 0 10 ;1 0 9 1.6773518558356026e-20 2 ;0 0 10 0.0 2 ;2 0 9 4.7118015765482495 0 ;1 1 9 2.1597129968593114 0 ;2 0 8 3262240000000.0 0 ;1 1 8 2768030000000000.0 0 ;0 1 10 2.613335813233413e-19 1 ;0 0 11 7.945633178554194e-21 1 ;
0 8 3 ;0 8 2 1.1732263646028882e-21 2 ;0 7 3 9.268492147373278e-20 2 ;1 8 2 2.5156359255991516 0 ;1 7 3 155.23588187302744 0 ;1 8 1 538385000000.0 0 ;1 7 2 87134200000000.0 0 ;1 6 3 1378780000000000.0 0 ;0 7 4 2.064920756895094e-18 1 ;
0 7 4 ;0 7 3 2.0168208123186966e-21 2 ;0 6 4 8.081694412389882e-20 2 ;1 7 3 3.412710429812168 0 ;1 6 4 130.77042149355708 0 ;0 8 3 0.17078338654530756 0 ;1 7 2 1319000000000.0 0 ;1 6 3 116726000000000.0 0 ;1 5 4 1044770000000000.0 0 ;0 8 2 78665700000000.0 0 ;0 6 5 1.2118450678886792e-18 1 ;
0 6 5 ;0 6 4 3.197614280115072e-21 2 ;0 5 5 6.902785693800528e-20 2 ;1 6 4 4.078569624547827 0 ;1 5 5 111.51726821258487 0 ;0 7 4 0.38243073756085766 0 ;1 6 3 2440250000000.0 0 ;1 5 4 125560000000000.0 0 ;1 4 5 861807000000000.0 0 ;0 7 3 191215000000000.0 0 ;0 5 6 7.300710643664504e-19 1 ;
0 5 6 ;0 5 5 4.7981256018741646e-21 2 ;0 4 6 5.730517557198172e-20 2 ;1 5 5 4.825382574673367 0 ;1 4 6 92.42757385335071 0 ;0 6 5 0.6273455805299355 0 ;1 5 4 3593260000000.0 0 ;1 4 5 143673000000000.0 0 ;1 3 6 612717000000000.0 0 ;0 6 4 322608000000000.0 0 ;0 4 7 4.3283698375875196e-19 1 ;
0 4 7 ;0 4 6 6.912807871149934e-21 2 ;0 3 7 4.566523270983128e-20 2 ;1 4 6 5.548618907636762 0 ;1 3 7 73.49417548318266 0 ;0 5 6 0.8947359693908714 0 ;1 4 5 5564780000000.0 0 ;1 3 6 142017000000000.0 0 ;1 2 7 416436000000000.0 0 ;0 5 5 458824000000000.0 0 ;0 3 8 2.5025147865326364e-19 1 ;
0 3 8 ;0 3 7 9.648099826015027e-21 2 ;0 2 8 3.411148907987793e-20 2 ;1 3 7 6.24812726814229 0 ;1 2 8 54.751828160427074 0 ;0 4 7 1.180809684259406 0 ;1 3 6 7652390000000.0 0 ;1 2 7 136756000000000.0 0 ;1 1 8 278078000000000.0 0 ;0 4 6 582543000000000.0 0 ;0 2 9 1.3712968162032337e-19 1 ;
0 2 9 ;0 2 8 1.3122820575573427e-20 2 ;0 1 9 2.264880519934032e-20 2 ;1 2 8 6.923855473373879 0 ;1 1 9 36.234838488210826 0 ;0 3 8 1.4820983022402356 0 ;1 2 7 10697100000000.0 0 ;1 1 8 135253000000000.0 0 ;1 0 9 90748100000000.0 0 ;0 3 7 662086000000000.0 0 ;0 1 10 6.722301930051796e-20 1 ;
0 1 10 ;0 1 9 1.7472085509382016e-20 2 ;0 0 10 1.2199700940863175e-20 2 ;1 1 9 7.575842495478623 0 ;1 0 10 17.974230773770536 0 ;0 2 9 1.7960743549468565 0 ;1 1 8 16721300000000.0 0 ;1 0 9 73283300000000.0 0 ;0 2 8 610226000000000.0 0 ;0 0 11 2.4761024614701145e-20 1 ;
0 0 11 ;0 0 10 2.2841357544225093e-20 2 ;1 0 10 8.204257732088811 0 ;0 1 10 2.120908661874628 0 ;1 0 9 19601100000000.0 0 ;0 1 9 1457240000000000.0 0 ;
2 8 2 ;2 8 1 3.993289637301489e-22 2 ;2 7 2 9.359803138366121e-20 2 ;1 8 2 0.0 2 ;2 7 3 5.3673920648574686e-18 1 ;1 8 3 1.0542640944269027e-19 1 ;
2 7 3 ;2 7 2 6.686469250124329e-22 2 ;2 6 3 8.167174898516977e-20 2 ;1 7 3 0.0 2 ;2 8 2 0.16365694539396092 0 ;2 8 1 62903600000000.0 0 ;2 6 4 3.466588212710809e-18 1 ;1 8 3 9.990279354078817e-20 1 ;1 7 4 5.104105243794892e-20 1 ;
2 6 4 ;2 6 3 1.1966644407965534e-21 2 ;2 5 4 6.978768411405765e-20 2 ;1 6 4 0.0 2 ;2 7 3 0.4505854194789601 0 ;2 7 2 182705000000000.0 0 ;2 5 5 1.891991889993776e-18 1 ;1 7 4 1.8227449467656305e-19 1 ;1 6 5 5.151722825375049e-20 1 ;
2 5 5 ;2 5 4 1.9650128733336618e-21 2 ;2 4 5 5.810148062808746e-20 2 ;1 5 5 0.0 2 ;2 6 4 0.7520175512847808 0 ;2 6 3 310826000000000.0 0 ;2 4 6 1.264222051487239e-18 1 ;1 6 5 2.8673747863146876e-19 1 ;1 5 6 4.381206268410628e-20 1 ;
2 4 6 ;2 4 5 3.040281287228371e-21 2 ;2 3 6 4.623483970366044e-20 2 ;1 4 6 0.0 2 ;2 5 5 1.103313530264518 0 ;2 5 4 601220000000000.0 0 ;2 3 7 5.683138334405063e-19 1 ;1 5 6 3.8190313567319775e-19 1 ;1 4 7 3.930429637637957e-20 1 ;
2 3 7 ;2 3 6 4.499922137840733e-21 2 ;2 2 7 3.462418926975754e-20 2 ;1 3 7 0.0 2 ;2 4 6 1.3858024607603159 0 ;2 4 5 570524000000000.0 0 ;2 2 8 3.4266634269673263e-19 1 ;1 4 7 4.7088039202119675e-19 1 ;1 3 8 3.450896322887758e-20 1 ;
2 2 8 ;2 2 7 6.4324231636532076e-21 2 ;2 1 8 2.2965436300857708e-20 2 ;1 2 8 0.0 2 ;2 3 7 1.8030113836209087 0 ;2 3 6 848760000000000.0 0 ;2 1 9 1.4469642398769968e-19 1 ;1 3 8 5.6447803815042725e-19 1 ;1 2 9 3.051895860112313e-20 1 ;
2 1 9 ;2 1 8 8.938044263201472e-21 2 ;2 0 9 1.136804825309453e-20 2 ;1 1 9 0.0 2 ;2 2 8 2.1228858989561203 0 ;2 2 7 620837000000000.0 0 ;2 0 10 3.918542913290015e-20 1 ;1 2 9 7.126179601826297e-19 1 ;1 1 10 2.8896403056582054e-20 1 ;
2 0 10 ;2 0 9 1.2130809337062062e-20 2 ;1 0 10 0.0 2 ;2 1 9 2.399533490512416 0 ;2 1 8 800431000000000.0 0 ;1 1 10 8.323487288302331e-19 1 ;1 0 11 2.5313892774908166e-20 1 ;
1 8 3 ;1 8 2 7.026565910074958e-22 2 ;1 7 3 9.247905839435071e-20 2 ;0 8 3 0.0 2 ;2 8 2 2.5229682731802985 0 ;2 7 3 87.9620965228953 0 ;2 8 1 109478000000.0 0 ;2 7 2 17450000000000.0 0 ;2 6 3 250553000000000.0 0 ;1 7 4 1.2694998042205172e-18 1 ;0 8 4 2.1278179038660148e-20 1 ;
1 7 4 ;1 7 3 1.252913635186707e-21 2 ;1 6 4 8.204725894320369e-20 2 ;0 7 4 0.0 2 ;2 7 3 1.895391725787116 0 ;2 6 4 75.47756987486714 0 ;1 8 3 0.1451746799051911 0 ;2 7 2 214083000000.0 0 ;2 6 3 21241100000000.0 0 ;2 5 4 246372000000000.0 0 ;1 8 2 22745200000000.0 0 ;1 6 5 4.109413783344867e-18 1 ;0 8 4 4.118213964799685e-20 1 ;0 7 5 2.0908971961291983e-20 1 ;
1 6 5 ;1 6 4 2.050517798447105e-21 2 ;1 5 5 6.955616404595432e-20 2 ;0 6 5 0.0 2 ;2 6 4 2.458950465323288 0 ;2 5 5 63.29258498840005 0 ;1 7 4 0.39174520668969537 0 ;2 6 3 446210000000.0 0 ;2 5 4 28737700000000.0 0 ;2 4 5 192438000000000.0 0 ;1 7 3 665037000000000.0 0 ;1 5 6 1.1400216859936408e-18 1 ;0 7 5 7.351497233024241e-20 1 ;0 6 6 1.6965147669953718e-20 1 ;
1 5 6 ;1 5 5 3.163636325681559e-21 2 ;1 4 6 5.77809731624829e-20 2 ;0 5 6 0.0 2 ;2 5 5 2.7593041722370573 0 ;2 4 6 53.58166266182771 0 ;1 6 5 0.7275966922036655 0 ;2 5 4 732632000000.0 0 ;2 4 5 31209600000000.0 0 ;2 3 6 144057000000000.0 0 ;1 6 4 329476000000000.0 0 ;1 4 7 6.578942615294514e-19 1 ;0 6 6 1.0859930485263184e-19 1 ;0 5 7 1.5003897056033734e-20 1 ;
1 4 7 ;1 4 6 4.6710308665950176e-21 2 ;1 3 7 4.6075307461115295e-20 2 ;0 4 7 0.0 2 ;2 4 6 3.240517531914525 0 ;2 3 7 42.29026880752204 0 ;1 5 6 1.0284233065886432 0 ;2 4 5 1081850000000.0 0 ;2 3 6 32474800000000.0 0 ;2 2 7 94071400000000.0 0 ;1 5 5 457797000000000.0 0 ;1 3 8 3.719566922966202e-19 1 ;0 5 7 1.424651597741218e-19 1 ;0 4 8 1.3164576667090149e-20 1 ;
1 3 8 ;1 3 7 6.6625468139125435e-21 2 ;1 2 8 3.4439465060487966e-20 2 ;0 3 8 0.0 2 ;2 3 7 3.6181653844071424 0 ;2 2 8 32.08423519483488 0 ;1 4 7 1.347158745941343 0 ;2 3 6 1558150000000.0 0 ;2 2 7 30105600000000.0 0 ;2 1 8 52170400000000.0 0 ;1 4 6 570509000000000.0 0 ;1 2 9 2.0001858210259789e-19 1 ;0 4 8 1.7487268208210167e-19 1 ;0 3 9 1.1444830363509901e-20 1 ;
1 2 9 ;1 2 8 9.240125241260292e-21 2 ;1 1 9 2.288063449632044e-20 2 ;0 2 9 0.0 2 ;2 2 8 4.081206453621504 0 ;2 1 9 23.152101678712825 0 ;1 3 8 1.6803107701269537 0 ;2 2 7 2105510000000.0 0 ;2 1 8 24882500000000.0 0 ;2 0 9 20827000000000.0 0 ;1 3 7 638679000000000.0 0 ;1 1 10 9.649181022294581e-20 1 ;0 3 9 2.056756733135805e-19 1 ;0 2 10 9.841748312870843e-21 1 ;
1 1 10 ;1 1 9 1.2518410692596066e-20 2 ;1 0 10 1.1399614879334349e-20 2 ;0 1 10 0.0 2 ;2 1 9 4.862493276686537 0 ;2 0 10 11.362681619704563 0 ;1 2 9 2.025424148623749 0 ;2 1 8 2812790000000.0 0 ;2 0 9 16421900000000.0 0 ;1 2 8 581387000000000.0 0 ;1 0 11 3.505440954930343e-20 1 ;0 2 10 2.347480799992589e-19 1 ;0 1 11 8.351890551337896e-21 1 ;
1 0 11 ;1 0 10 1.6626702147853846e-20 2 ;0 0 11 0.0 2 ;2 0 10 5.186907587480446 0 ;1 1 10 2.3807347615676298 0 ;2 0 9 3923700000000.0 0 ;1 1 9 1374130000000000.0 0 ;0 1 11 2.619838758565488e-19 1 ;0 0 12 6.971440132737884e-21 1 ;
0 8 4 ;0 8 3 1.310884177833378e-21 2 ;0 7 4 9.291368534760162e-20 2 ;1 8 3 3.3597531435549155 0 ;1 7 4 155.3370474159877 0 ;1 8 2 776636000000.0 0 ;1 7 3 97115500000000.0 0 ;1 6 4 1010880000000000.0 0 ;0 7 5 1.9862610359127315e-18 1 ;
0 7 5 ;0 7 4 2.1386764113219237e-21 2 ;0 6 5 8.10152608476174e-20 2 ;1 7 4 4.272402869158933 0 ;1 6 5 130.86641690721567 0 ;0 8 4 0.21563625640949732 0 ;1 7 3 1594170000000.0 0 ;1 6 4 103360000000000.0 0 ;1 5 5 839293000000000.0 0 ;0 8 3 88614900000000.0 0 ;0 6 6 1.1527566206022874e-18 1 ;
0 6 6 ;0 6 5 3.2906541176358705e-21 2 ;0 5 6 6.921167059268145e-20 2 ;1 6 5 4.901438297318579 0 ;1 5 6 111.60138664724577 0 ;0 7 5 0.4626201755761298 0 ;1 6 4 2275630000000.0 0 ;1 5 5 116874000000000.0 0 ;1 4 6 658161000000000.0 0 ;0 7 4 190650000000000.0 0 ;0 5 7 6.870550234506199e-19 1 ;
0 5 7 ;0 5 6 4.8467448792783506e-21 2 ;0 4 7 5.747032432786127e-20 2 ;1 5 6 5.637315096164057 0 ;1 4 7 92.49878349501468 0 ;0 6 6 0.7366335403554888 0 ;1 5 5 3401310000000.0 0 ;1 4 6 123906000000000.0 0 ;1 3 7 477474000000000.0 0 ;0 6 5 303020000000000.0 0 ;0 4 8 4.02878668578559e-19 1 ;
0 4 8 ;0 4 7 6.898645145870528e-21 2 ;0 3 8 4.58068053242668e-20 2 ;1 4 7 6.349333107959834 0 ;1 3 8 73.55185093095777 0 ;0 5 7 1.0277757203677613 0 ;1 4 6 4801630000000.0 0 ;1 3 7 122499000000000.0 0 ;1 2 8 309223000000000.0 0 ;0 5 6 409586000000000.0 0 ;0 3 9 2.302207577327437e-19 1 ;
0 3 9 ;0 3 8 9.549293630442257e-21 2 ;0 2 9 3.422364366306252e-20 2 ;1 3 8 7.037408130308568 0 ;1 2 9 54.79577204766122 0 ;0 4 8 1.3336879624497795 0 ;1 3 7 6487620000000.0 0 ;1 2 8 110905000000000.0 0 ;1 1 9 165629000000000.0 0 ;0 4 7 500674000000000.0 0 ;0 2 10 1.2452786889981514e-19 1 ;
0 2 10 ;0 2 9 1.2915293381437186e-20 2 ;0 1 10 2.2727019188001897e-20 2 ;1 2 9 7.701522076908516 0 ;1 1 10 36.264493513366965 0 ;0 3 9 1.6516950313836347 0 ;1 2 8 8464550000000.0 0 ;1 1 9 87521900000000.0 0 ;1 0 10 58730600000000.0 0 ;0 3 8 552578000000000.0 0 ;0 1 11 6.013952116778245e-20 1 ;
0 1 11 ;0 1 10 1.7127139079779066e-20 2 ;0 0 11 1.1318615360597654e-20 2 ;1 1 10 8.341744718273885 0 ;1 0 11 17.98917154521475 0 ;0 2 10 1.9799262268619537 0 ;1 1 9 10732100000000.0 0 ;1 0 10 50944100000000.0 0 ;0 2 9 497530000000000.0 0 ;0 0 12 2.1757417835958712e-20 1 ;
0 0 12 ;0 0 11 2.2332384665845453e-20 2 ;1 0 11 8.958250589722185 0 ;0 1 11 2.316970917018043 0 ;1 0 10 13284700000000.0 0 ;0 1 10 1165710000000000.0 0 ;
2 8 3 ;2 8 2 4.823090043391949e-22 2 ;2 7 3 9.382536430001871e-20 2 ;1 8 3 0.0 2 ;2 7 4 5.031924906748473e-18 1 ;1 8 4 5.529152829992832e-20 1 ;
2 7 4 ;2 7 3 7.225407997513231e-22 2 ;2 6 4 8.189186593597731e-20 2 ;1 7 4 0.0 2 ;2 8 3 0.21292362369715254 0 ;2 8 2 115214000000000.0 0 ;2 6 5 2.997374789465859e-18 1 ;1 8 4 1.0009163813077577e-19 1 ;1 7 5 4.3085311420454655e-20 1 ;
2 6 5 ;2 6 4 1.2328105658962522e-21 2 ;2 5 5 6.998155568740663e-20 2 ;1 6 5 0.0 2 ;2 7 4 0.5121078972312674 0 ;2 7 3 291378000000000.0 0 ;2 5 6 1.6168301252813233e-18 1 ;1 7 5 1.8264440859581513e-19 1 ;1 6 6 4.3246824790930637e-20 1 ;
2 5 6 ;2 5 5 1.971872909830343e-21 2 ;2 4 6 5.826798168661486e-20 2 ;1 5 6 0.0 2 ;2 6 5 0.8187056066626709 0 ;2 6 4 444517000000000.0 0 ;2 4 7 1.0675173797504251e-18 1 ;1 6 6 2.8726525390479655e-19 1 ;1 5 7 3.6547141801164325e-20 1 ;
2 4 7 ;2 4 6 3.0042353850795728e-21 2 ;2 3 7 4.6388011023502635e-20 2 ;1 4 7 0.0 2 ;2 5 6 1.1654418909936557 0 ;2 5 5 799605000000000.0 0 ;2 3 8 4.749046784803215e-19 1 ;1 5 7 3.826677029776392e-19 1 ;1 4 8 3.255266050814504e-20 1 ;
2 3 8 ;2 3 7 4.405058802495416e-21 2 ;2 2 8 3.4741553838465007e-20 2 ;1 3 8 0.0 2 ;2 4 7 1.4323095005878932 0 ;2 4 6 722409000000000.0 0 ;2 2 9 2.827956570588016e-19 1 ;1 4 8 4.718039987495205e-19 1 ;1 3 9 2.8334463758864704e-20 1 ;
2 2 9 ;2 2 8 6.260320217306438e-21 2 ;2 1 9 2.3052667263248962e-20 2 ;1 2 9 0.0 2 ;2 3 8 1.8318487265325567 0 ;2 3 7 1034220000000000.0 0 ;2 1 10 1.1792478763418472e-19 1 ;1 3 9 5.656290123514123e-19 1 ;1 2 10 2.4801432409065307e-20 1 ;
2 1 10 ;2 1 9 8.6693633281339e-21 2 ;2 0 10 1.1417807485563084e-20 2 ;1 1 10 0.0 2 ;2 2 9 2.128432538696488 0 ;2 2 8 735547000000000.0 0 ;2 0 11 3.149687434752809e-20 1 ;1 2 10 7.140563834164094e-19 1 ;1 1 11 2.318523844147951e-20 1 ;
2 0 11 ;2 0 10 1.1740841363128553e-20 2 ;1 0 11 0.0 2 ;2 1 10 2.3806334854348963 0 ;2 1 9 928572000000000.0 0 ;1 1 11 8.338272064374349e-19 1 ;1 0 12 1.9983009093355223e-20 1 ;
1 8 4 ;1 8 3 7.615846061711886e-22 2 ;1 7 4 9.27711097249042e-20 2 ;0 8 4 0.0 2 ;2 8 3 1.8763916676697954 0 ;2 7 4 88.01744479661171 0 ;2 8 2 198685000000.0 0 ;2 7 3 21197500000000.0 0 ;2 6 4 229684000000000.0 0 ;1 7 5 1.0904426181856024e-18 1 ;0 8 5 1.79587317447856e-20 1 ;
1 7 5 ;1 7 4 1.2940655637572927e-21 2 ;1 6 5 8.224625287380962e-20 2 ;0 7 5 0.0 2 ;2 7 4 2.1370186933624837 0 ;2 6 5 75.52854078686434 0 ;1 8 4 0.16463330450798785 0 ;2 7 3 326166000000.0 0 ;2 6 4 24357500000000.0 0 ;2 5 5 227087000000000.0 0 ;1 8 3 35853900000000.0 0 ;1 6 6 3.815874129650463e-18 1 ;0 8 5 4.125576901090531e-20 1 ;0 7 6 1.7550648363801767e-20 1 ;
1 6 6 ;1 6 5 2.0623766578044362e-21 2 ;1 5 6 6.977631006551039e-20 2 ;0 6 6 0.0 2 ;2 6 5 2.6611299028343987 0 ;2 5 6 63.3312925237313 0 ;1 7 5 0.46102687898482686 0 ;2 6 4 615561000000.0 0 ;2 5 5 31804700000000.0 0 ;2 4 6 178334000000000.0 0 ;1 7 4 925853000000000.0 0 ;1 5 7 9.630379028182278e-19 1 ;0 7 6 7.366105298625278e-20 1 ;0 6 7 1.4153212848734582e-20 1 ;
1 5 7 ;1 5 6 3.132406718073568e-21 2 ;1 4 7 5.79727975047001e-20 2 ;0 5 7 0.0 2 ;2 5 6 2.902864803595681 0 ;2 4 7 53.61725086988565 0 ;1 6 6 0.7686756181483959 0 ;2 5 5 948295000000.0 0 ;2 4 6 33759000000000.0 0 ;2 3 7 134090000000000.0 0 ;1 6 5 438622000000000.0 0 ;1 4 8 5.495707428185294e-19 1 ;0 6 7 1.0882089978324113e-19 1 ;0 5 8 1.242663374027643e-20 1 ;
1 4 8 ;1 4 7 4.580427903876152e-21 2 ;1 3 8 4.623795026582424e-20 2 ;0 4 8 0.0 2 ;2 4 7 3.3393387961729797 0 ;2 3 8 42.3179167342635 0 ;1 5 7 1.0628148259252312 0 ;2 4 6 1340170000000.0 0 ;2 3 7 34559500000000.0 0 ;2 2 8 87927100000000.0 0 ;1 5 6 579485000000000.0 0 ;1 3 9 3.07063895073429e-19 1 ;0 5 8 1.4276321143517523e-19 1 ;0 4 9 1.0810263062219656e-20 1 ;
1 3 9 ;1 3 8 6.494332911231623e-21 2 ;1 2 9 3.457060754391989e-20 2 ;0 3 9 0.0 2 ;2 3 8 3.6697824952908373 0 ;2 2 9 32.10609189357172 0 ;1 4 8 1.368848624368756 0 ;2 3 7 1868670000000.0 0 ;2 2 8 31665900000000.0 0 ;2 1 9 48934800000000.0 0 ;1 4 7 695613000000000.0 0 ;1 2 10 1.6298713580396692e-19 1 ;0 4 9 1.7524613021077336e-19 1 ;0 3 10 9.301650429366666e-21 1 ;
1 2 10 ;1 2 9 8.974134920737554e-21 2 ;1 1 10 2.2972594356243635e-20 2 ;0 2 10 0.0 2 ;2 2 9 4.087983292714158 0 ;2 1 10 23.16765889669662 0 ;1 3 9 1.6846194265619858 0 ;2 2 8 2464050000000.0 0 ;2 1 9 25938000000000.0 0 ;2 0 10 19586600000000.0 0 ;1 3 8 756561000000000.0 0 ;1 1 11 7.745891442856132e-20 1 ;0 3 10 2.0612451790987044e-19 1 ;0 2 11 7.897980254879841e-21 1 ;
1 1 11 ;1 1 10 1.2131144606110059e-20 2 ;1 0 11 1.1448735018177964e-20 2 ;0 1 11 0.0 2 ;2 1 10 4.821326741265625 0 ;2 0 11 11.369396742976113 0 ;1 2 10 2.0086070825438482 0 ;2 1 9 3228630000000.0 0 ;2 0 10 16990900000000.0 0 ;1 2 9 673082000000000.0 0 ;1 0 12 2.763904915206691e-20 1 ;0 2 11 2.3526996492355404e-19 1 ;0 1 12 6.596001066093146e-21 1 ;
1 0 12 ;1 0 11 1.6093368804130253e-20 2 ;0 0 12 0.0 2 ;2 0 11 5.099596094596475 0 ;1 1 11 2.339730958833668 0 ;2 0 10 4432110000000.0 0 ;1 1 10 1561500000000000.0 0 ;0 1 12 2.625776230390426e-19 1 ;0 0 13 5.392096188700514e-21 1 ;
0 8 5 ;0 8 4 1.3574814902328118e-21 2 ;0 7 5 9.318536392890013e-20 2 ;1 8 4 3.7878500646471767 0 ;1 7 5 155.42950527043274 0 ;1 8 3 1184270000000.0 0 ;1 7 4 111426000000000.0 0 ;1 6 5 932862000000000.0 0 ;0 7 6 1.6962555916379342e-18 1 ;
0 7 6 ;0 7 5 2.1559049912387035e-21 2 ;0 6 6 8.12814055716268e-20 2 ;1 7 5 4.623531468637827 0 ;1 6 6 130.95327974520006 0 ;0 8 5 0.2347050567048362 0 ;1 7 4 2201020000000.0 0 ;1 6 5 114525000000000.0 0 ;1 5 6 778480000000000.0 0 ;0 8 4 126719000000000.0 0 ;0 6 7 9.736369968676261e-19 1 ;
0 6 7 ;0 6 6 3.2644795425473676e-21 2 ;0 5 7 6.944712611569673e-20 2 ;1 6 6 5.1566099756158446 0 ;1 5 7 111.67705322760318 0 ;0 7 6 0.48871262210609906 0 ;1 6 5 2948520000000.0 0 ;1 5 6 126531000000000.0 0 ;1 4 7 613238000000000.0 0 ;0 7 5 253831000000000.0 0 ;0 5 8 5.739202676498078e-19 1 ;
0 5 8 ;0 5 7 4.761063888105925e-21 2 ;0 4 8 5.768274986499421e-20 2 ;1 5 7 5.809208870466189 0 ;1 4 8 92.56332910127162 0 ;0 6 7 0.761260181634948 0 ;1 5 6 4216740000000.0 0 ;1 4 7 131990000000000.0 0 ;1 3 8 446684000000000.0 0 ;0 6 6 383662000000000.0 0 ;0 4 9 3.3262094145640606e-19 1 ;
0 4 9 ;0 4 8 6.734376780861418e-21 2 ;0 3 9 4.598772862971907e-20 2 ;1 4 8 6.440120838652665 0 ;1 3 9 73.60394029231318 0 ;0 5 8 1.0443549568021764 0 ;1 4 7 5763640000000.0 0 ;1 3 8 128961000000000.0 0 ;1 2 9 290335000000000.0 0 ;0 5 7 499567000000000.0 0 ;0 3 10 1.8763117808687912e-19 1 ;
0 3 10 ;0 3 9 9.286331004902753e-21 2 ;0 2 10 3.4367932924147906e-20 2 ;1 3 9 7.049308104391185 0 ;1 2 10 54.8357103371575 0 ;0 4 9 1.3371772559412505 0 ;1 3 8 7598440000000.0 0 ;1 2 9 115724000000000.0 0 ;1 1 10 156023000000000.0 0 ;0 4 8 593327000000000.0 0 ;0 2 11 9.999232684608484e-20 1 ;
0 2 11 ;0 2 10 1.253070764662256e-20 2 ;0 1 11 2.282802144647808e-20 2 ;1 2 10 7.63675169754403 0 ;1 1 11 36.2912675905307 0 ;0 3 10 1.6381341203939535 0 ;1 2 9 9724700000000.0 0 ;1 1 10 90701300000000.0 0 ;1 0 11 55489000000000.0 0 ;0 3 9 640043000000000.0 0 ;0 1 12 4.743427391826041e-20 1 ;
0 1 12 ;0 1 11 1.6595030587656948e-20 2 ;0 0 12 1.1371466554939947e-20 2 ;1 1 11 8.202562909092448 0 ;1 0 12 18.002715916776424 0 ;0 2 11 1.9460450422906708 0 ;1 1 10 12140400000000.0 0 ;1 0 11 52510900000000.0 0 ;0 2 10 565689000000000.0 0 ;0 0 13 1.6779248254482448e-20 1 ;
0 0 13 ;0 0 12 2.1622083464402348e-20 2 ;1 0 12 8.74686796787604 0 ;0 1 12 2.260096995376516 0 ;1 0 11 14838600000000.0 0 ;0 1 11 1305220000000000.0 0 ;
2 8 4 ;2 8 3 5.118849772035259e-22 2 ;2 7 4 9.395496792450976e-20 2 ;1 8 4 0.0 2 ;2 7 5 4.501746371015322e-18 1 ;1 8 5 4.17592760462185e-20 1 ;
2 7 5 ;2 7 4 7.240643527467664e-22 2 ;2 6 5 8.201250314790853e-20 2 ;1 7 5 0.0 2 ;2 8 4 0.25116596099085653 0 ;2 8 3 174095000000000.0 0 ;2 6 6 2.533733636405822e-18 1 ;1 8 5 1.0025986649914904e-19 1 ;1 7 6 3.593501672968858e-20 1 ;
2 6 6 ;2 6 5 1.2077351633041973e-21 2 ;2 5 6 7.010045366889971e-20 2 ;1 6 6 0.0 2 ;2 7 5 0.5533711496538412 0 ;2 7 4 369216000000000.0 0 ;2 5 7 1.3513874364727868e-18 1 ;1 7 6 1.8297073393222543e-19 1 ;1 6 7 3.5843245091759474e-20 1 ;
2 5 7 ;2 5 6 1.9076603558779332e-21 2 ;2 4 7 5.83681139503842e-20 2 ;1 5 7 0.0 2 ;2 6 6 0.8585639311225308 0 ;2 6 5 524964000000000.0 0 ;2 4 8 8.81756976516324e-19 1 ;1 6 7 2.8775768708392833e-19 1 ;1 5 8 3.0070349618794486e-20 1 ;
2 4 8 ;2 4 7 2.8860509348912906e-21 2 ;2 3 8 4.648113513429709e-20 2 ;1 4 8 0.0 2 ;2 5 7 1.1952928821729962 0 ;2 5 6 897879000000000.0 0 ;2 3 9 3.879324969430455e-19 1 ;1 5 8 3.8336747644272114e-19 1 ;1 4 9 2.6556520806841614e-20 1 ;
2 3 9 ;2 3 8 4.21609146568046e-21 2 ;2 2 9 3.4814096007147896e-20 2 ;1 3 9 0.0 2 ;2 4 8 1.4446863562647974 0 ;2 4 7 782965000000000.0 0 ;2 2 10 2.2792705581941947e-19 1 ;1 4 9 4.726757704063566e-19 1 ;1 3 10 2.287729099405118e-20 1 ;
2 2 10 ;2 2 9 5.981252110309049e-21 2 ;2 1 10 2.3104548368213877e-20 2 ;1 2 10 0.0 2 ;2 3 9 1.822831047049315 0 ;2 3 8 1089070000000000.0 0 ;2 1 11 9.368070005059125e-20 1 ;1 3 10 5.667163707828444e-19 1 ;1 2 11 1.977260582590802e-20 1 ;
2 1 11 ;2 1 10 8.277034793216936e-21 2 ;2 0 11 1.1448556262829856e-20 2 ;1 1 11 0.0 2 ;2 2 10 2.095348319042078 0 ;2 2 9 758110000000000.0 0 ;2 0 12 2.4602574225722146e-20 1 ;1 2 11 7.154594645559929e-19 1 ;1 1 12 1.8190458075731097e-20 1 ;
2 0 12 ;2 0 11 1.1214135730345569e-20 2 ;1 0 12 0.0 2 ;2 1 11 2.3233882925737044 0 ;2 1 10 941559000000000.0 0 ;1 1 12 8.354729699571648e-19 1 ;1 0 13 1.5353312560652105e-20 1 ;
1 8 5 ;1 8 4 7.656768918749174e-22 2 ;1 7 5 9.294650941106585e-20 2 ;0 8 5 0.0 2 ;2 8 4 1.893925061473702 0 ;2 7 5 88.06664367289211 0 ;2 8 3 268696000000.0 0 ;2 7 4 23563300000000.0 0 ;2 6 5 209595000000000.0 0 ;1 7 6 9.185963974364898e-19 1 ;0 8 6 1.4977037064444724e-20 1 ;
1 7 6 ;1 7 5 1.2712554613893969e-21 2 ;1 6 6 8.235995536191576e-20 2 ;0 7 6 0.0 2 ;2 7 5 2.298893462104119 0 ;2 6 6 75.573590299865 0 ;1 8 5 0.17769466520654098 0 ;2 7 4 400273000000.0 0 ;2 6 5 26091500000000.0 0 ;2 5 6 208503000000000.0 0 ;1 8 4 45091400000000.0 0 ;1 6 7 3.522346256654125e-18 1 ;0 8 6 4.132268337591652e-20 1 ;0 7 7 1.454539228733019e-20 1 ;
1 6 7 ;1 6 6 2.0000242375390722e-21 2 ;1 5 7 6.989804334841892e-20 2 ;0 6 7 0.0 2 ;2 6 6 2.7828536175038225 0 ;2 5 7 63.367524918214585 0 ;1 7 6 0.5325685468860354 0 ;2 6 5 709885000000.0 0 ;2 5 6 33424000000000.0 0 ;2 4 7 164691000000000.0 0 ;1 7 5 1192490000000000.0 0 ;1 5 8 7.96050041951267e-19 1 ;0 7 7 7.379099408591364e-20 1 ;0 6 8 1.1645703046222237e-20 1 ;
1 5 8 ;1 5 7 3.0157195093488445e-21 2 ;1 4 8 5.809084929085411e-20 2 ;0 5 8 0.0 2 ;2 5 7 2.9733628516098163 0 ;2 4 8 53.64990033884284 0 ;1 6 7 0.7885607201865221 0 ;2 5 6 1047680000000.0 0 ;2 4 7 34972300000000.0 0 ;2 3 8 124434000000000.0 0 ;1 6 6 493269000000000.0 0 ;1 4 9 4.48985964666738e-19 1 ;0 6 8 1.090184620897971e-19 1 ;0 5 9 1.0137926842931887e-20 1 ;
1 4 9 ;1 4 8 4.392004439718791e-21 2 ;1 3 9 4.633475023078681e-20 2 ;0 4 9 0.0 2 ;2 4 8 3.3667413677623395 0 ;2 3 9 42.34400667520524 0 ;1 5 8 1.0720498397196923 0 ;2 4 7 1435340000000.0 0 ;2 3 8 35432100000000.0 0 ;2 2 9 81960600000000.0 0 ;1 5 7 628298000000000.0 0 ;1 3 10 2.476514785902402e-19 1 ;0 5 9 1.430294552114522e-19 1 ;0 4 10 8.728825766636936e-21 1 ;
1 3 10 ;1 3 9 6.21478218827879e-21 2 ;1 2 10 3.464952259915266e-20 2 ;0 3 10 0.0 2 ;2 3 9 3.653869724084256 0 ;2 2 10 32.126569914622834 0 ;1 4 9 1.362411565137464 0 ;2 3 8 1954410000000.0 0 ;2 2 9 32222600000000.0 0 ;2 1 10 45791000000000.0 0 ;1 4 8 733354000000000.0 0 ;1 2 11 1.2951817260029872e-19 1 ;0 4 10 1.7558188010563594e-19 1 ;0 3 11 7.416114361912703e-21 1 ;
1 2 11 ;1 2 10 8.580746798751311e-21 2 ;1 1 11 2.302972380123205e-20 2 ;0 2 11 0.0 2 ;2 2 10 4.029204738356658 0 ;2 1 11 23.182888052285996 0 ;1 3 10 1.6586080509680998 0 ;2 2 9 2529990000000.0 0 ;2 1 10 26243900000000.0 0 ;2 0 11 18386600000000.0 0 ;1 3 9 780132000000000.0 0 ;1 1 12 6.046631773211533e-20 1 ;0 3 11 2.0652977392331856e-19 1 ;0 2 12 6.197094848902224e-21 1 ;
1 1 12 ;1 1 11 1.1601310535638695e-20 2 ;1 0 12 1.1478626992874692e-20 2 ;0 1 12 0.0 2 ;2 1 11 4.712319471792727 0 ;2 0 12 11.376885146877042 0 ;1 2 11 1.9598981270753857 0 ;2 1 10 3266000000000.0 0 ;2 0 11 17114100000000.0 0 ;1 2 10 681724000000000.0 0 ;1 0 13 2.1097580937318286e-20 1 ;0 2 12 2.3574237091597474e-19 1 ;0 1 13 5.068680684712375e-21 1 ;
1 0 13 ;1 0 12 1.5398986335935297e-20 2 ;0 0 13 0.0 2 ;2 0 12 4.949175928511401 0 ;1 1 12 2.265791508486794 0 ;2 0 11 4427890000000.0 0 ;1 1 11 1558340000000000.0 0 ;0 1 13 2.631160009406292e-19 1 ;0 0 14 4.027526151092597e-21 1 ;
0 8 6 ;0 8 5 1.3371416779653024e-21 2 ;0 7 6 9.334462065617566e-20 2 ;1 8 5 4.074641853735487 0 ;1 7 6 155.51379181013587 0 ;1 8 4 1454890000000.0 0 ;1 7 5 119740000000000.0 0 ;1 6 6 857504000000000.0 0 ;0 7 7 1.4181368717110776e-18 1 ;
0 7 7 ;0 7 6 2.095641784217232e-21 2 ;0 6 7 8.143539510408002e-20 2 ;1 7 6 4.834955029835851 0 ;1 6 7 131.03007343590608 0 ;0 8 6 0.2461540462313797 0 ;1 7 5 2540770000000.0 0 ;1 6 6 120475000000000.0 0 ;1 5 7 719562000000000.0 0 ;0 8 5 149845000000000.0 0 ;0 6 8 8.050151531790007e-19 1 ;
0 6 8 ;0 6 7 3.149309707803406e-21 2 ;0 5 8 6.95922563261426e-20 2 ;1 6 7 5.281950527318555 0 ;1 5 8 111.74445664061892 0 ;0 7 7 0.5013983977875122 0 ;1 6 6 3261020000000.0 0 ;1 5 7 131177000000000.0 0 ;1 4 8 569601000000000.0 0 ;0 7 6 285661000000000.0 0 ;0 5 9 4.690461373324213e-19 1 ;
0 5 9 ;0 5 8 4.573595738707376e-21 2 ;0 4 9 5.780865843034172e-20 2 ;1 5 8 5.856949193124047 0 ;1 4 9 92.62053181947263 0 ;0 6 8 0.7679689353767024 0 ;1 5 7 4520060000000.0 0 ;1 4 8 135422000000000.0 0 ;1 3 9 416704000000000.0 0 ;0 6 7 416313000000000.0 0 ;0 4 10 2.6838079490603555e-19 1 ;
0 4 10 ;0 4 9 6.454896852234899e-21 2 ;0 3 10 4.609775934021967e-20 2 ;1 4 9 6.41234761924775 0 ;1 3 10 73.65081246802839 0 ;0 5 9 1.039593032570372 0 ;1 4 8 6033450000000.0 0 ;1 3 9 131310000000000.0 0 ;1 2 10 271903000000000.0 0 ;0 5 8 527117000000000.0 0 ;0 3 11 1.4917780153175999e-19 1 ;
0 3 11 ;0 3 10 8.892763250643224e-21 2 ;0 2 11 3.4456476569685155e-20 2 ;1 3 10 6.948125527526914 0 ;1 2 11 54.87178325557887 0 ;0 4 10 1.3167559797462136 0 ;1 3 9 7807990000000.0 0 ;1 2 10 117158000000000.0 0 ;1 1 11 146630000000000.0 0 ;0 4 9 612360000000000.0 0 ;0 2 12 7.810214054292961e-20 1 ;
0 2 12 ;0 2 11 1.1997934245858735e-20 2 ;0 1 12 2.2891734909976062e-20 2 ;1 2 11 7.464314734209056 0 ;1 1 12 36.31555966582817 0 ;0 3 11 1.5987195157471388 0 ;1 2 10 9845420000000.0 0 ;1 1 11 91422900000000.0 0 ;1 0 12 52313800000000.0 0 ;0 3 10 648874000000000.0 0 ;0 1 13 3.6231419093012864e-20 1 ;
0 1 13 ;0 1 12 1.5896788024139352e-20 2 ;0 0 13 1.140486834274493e-20 2 ;1 1 12 7.961053328670957 0 ;1 0 13 18.01503747361673 0 ;0 2 12 1.8849557815978102 0 ;1 1 11 12142600000000.0 0 ;1 0 12 52747900000000.0 0 ;0 2 11 565109000000000.0 0 ;0 0 14 1.2441477419838774e-20 1 ;
0 0 14 ;0 0 13 2.0730410103249946e-20 2 ;1 0 13 8.438480441919786 0 ;0 1 13 2.1750874753250304 0 ;1 0 12 14691800000000.0 0 ;0 1 12 1287900000000000.0 0 ;
2 8 5 ;2 8 4 5.024774442780309e-22 2 ;2 7 5 9.403628598033932e-20 2 ;1 8 5 0.0 2 ;2 7 6 4.361002371228548e-18 1 ;1 8 6 4.267510751381906e-20 1 ;
2 7 6 ;2 7 5 6.875471403343064e-22 2 ;2 6 6 8.209549588615313e-20 2 ;1 7 6 0.0 2 ;2 8 5 0.312396169636092 0 ;2 8 4 234197000000000.0 0 ;2 6 7 2.090425968206584e-18 1 ;1 8 6 1.0040712522496594e-19 1 ;1 7 7 2.9568963109133057e-20 1 ;
2 6 7 ;2 6 6 1.1375112287727548e-21 2 ;2 5 7 7.018128422742457e-20 2 ;1 6 7 0.0 2 ;2 7 6 0.5753302293040419 0 ;2 7 5 425093000000000.0 0 ;2 5 8 1.1027369546866047e-18 1 ;1 7 7 1.832534706857939e-19 1 ;1 6 8 2.9279982585589944e-20 1 ;
2 5 8 ;2 5 7 1.790448102629481e-21 2 ;2 4 8 5.844044617145237e-20 2 ;1 5 8 0.0 2 ;2 6 7 0.8732370396711645 0 ;2 6 6 576219000000000.0 0 ;2 4 9 7.109686624534802e-19 1 ;1 6 8 2.882112439594444e-19 1 ;1 5 9 2.435459053144646e-20 1 ;
2 4 9 ;2 4 8 2.7061838455473343e-21 2 ;2 3 9 4.654215747245566e-20 2 ;1 4 9 0.0 2 ;2 5 8 1.195272842271059 0 ;2 5 7 950847000000000.0 0 ;2 3 10 3.090124225334384e-19 1 ;1 5 9 3.840036341382503e-19 1 ;1 4 10 2.1288428245977003e-20 1 ;
2 3 10 ;2 3 9 3.9552371847783905e-21 2 ;2 2 10 3.486548803739178e-20 2 ;1 3 10 0.0 2 ;2 4 9 1.4258266457755906 0 ;2 4 8 808013000000000.0 0 ;2 2 11 1.7886162644703022e-19 1 ;1 4 10 4.734945289218987e-19 1 ;1 3 11 1.8108228803234933e-20 1 ;
2 2 11 ;2 2 10 5.619775088073426e-21 2 ;2 1 11 2.3140887991164813e-20 2 ;1 2 11 0.0 2 ;2 3 10 1.7795234223840979 0 ;2 3 9 1099850000000000.0 0 ;2 1 12 7.22550266721529e-20 1 ;1 3 11 5.677412915145301e-19 1 ;1 2 12 1.5402673685545933e-20 1 ;
2 1 12 ;2 1 11 7.793562037786873e-21 2 ;2 0 12 1.147011975576969e-20 2 ;1 1 12 0.0 2 ;2 2 11 2.027629406686589 0 ;2 2 10 753204000000000.0 0 ;2 0 13 1.8572388307009846e-20 1 ;1 2 12 7.16828381671187e-19 1 ;1 1 13 1.3878133548908588e-20 1 ;
2 0 13 ;2 0 12 1.058337652866648e-20 2 ;1 0 13 0.0 2 ;2 1 12 2.2320494365534844 0 ;2 1 11 923753000000000.0 0 ;1 1 13 8.37284841319616e-19 1 ;1 0 14 1.1386975355310951e-20 1 ;
1 8 6 ;1 8 5 7.295939105498239e-22 2 ;1 7 6 9.305893884534434e-20 2 ;0 8 6 0.0 2 ;2 8 5 2.4977897566223892 0 ;2 7 6 88.10977318957886 0 ;2 8 4 322576000000.0 0 ;2 7 5 25011300000000.0 0 ;2 6 6 190314000000000.0 0 ;1 7 7 7.577050478183492e-19 1 ;0 8 7 1.2323552632204589e-20 1 ;
1 7 7 ;1 7 6 1.2009632376663028e-21 2 ;1 6 7 8.244338425495679e-20 2 ;0 7 7 0.0 2 ;2 7 6 2.3879989920022 0 ;2 6 7 75.61219810591489 0 ;1 8 6 0.18473162082081376 0 ;2 7 5 452672000000.0 0 ;2 6 6 27048700000000.0 0 ;2 5 7 190635000000000.0 0 ;1 8 5 51750400000000.0 0 ;1 6 8 3.2288183836577868e-18 1 ;0 8 7 4.1382882743030466e-20 1 ;0 7 8 1.18818942617345e-20 1 ;
1 6 8 ;1 6 7 1.8820880425242422e-21 2 ;1 5 8 6.998465304082813e-20 2 ;0 6 8 0.0 2 ;2 6 7 2.831454123452965 0 ;2 5 8 63.40076869733661 0 ;1 7 7 0.6085447915530574 0 ;2 6 6 770487000000.0 0 ;2 5 7 34278200000000.0 0 ;2 4 8 151521000000000.0 0 ;1 7 6 1449180000000000.0 0 ;1 5 9 6.425534365087487e-19 1 ;0 7 8 7.390444220828298e-20 1 ;0 6 9 9.432416177892086e-21 1 ;
1 5 9 ;1 5 8 2.8339929967525476e-21 2 ;1 4 9 5.816948432216127e-20 2 ;0 5 9 0.0 2 ;2 5 8 2.977755721305393 0 ;2 4 9 53.679606982757655 0 ;1 6 8 0.7888300248528315 0 ;2 5 7 1103750000000.0 0 ;2 4 8 35544500000000.0 0 ;2 3 9 115098000000000.0 0 ;1 6 7 523434000000000.0 0 ;1 4 10 3.578646212708447e-19 1 ;0 6 9 1.0919199177229975e-19 1 ;0 5 10 8.127079490156764e-21 1 ;
1 4 10 ;1 4 9 4.128972934698815e-21 2 ;1 3 10 4.6405933818992193e-20 2 ;0 4 10 0.0 2 ;2 4 9 3.3298129994835577 0 ;2 3 10 42.3684506689212 0 ;1 5 9 1.058269074651589 0 ;2 4 8 1478690000000.0 0 ;2 3 9 35777000000000.0 0 ;2 2 10 76176400000000.0 0 ;1 5 8 649106000000000.0 0 ;1 3 11 1.9453820136259565e-19 1 ;0 5 10 1.4326389110295273e-19 1 ;0 4 11 6.909426538121866e-21 1 ;
1 3 11 ;1 3 10 5.849458373246731e-21 2 ;1 2 11 3.470441785646115e-20 2 ;0 3 11 0.0 2 ;2 3 10 3.5773534608609965 0 ;2 2 11 32.14599387980258 0 ;1 4 10 1.330499769418355 0 ;2 3 9 1978410000000.0 0 ;2 2 10 32381100000000.0 0 ;2 1 11 42740300000000.0 0 ;1 4 9 741871000000000.0 0 ;1 2 12 9.996935448485742e-20 1 ;0 4 11 1.758799317666894e-19 1 ;0 3 12 5.777254331249169e-21 1 ;
1 2 12 ;1 2 11 8.091679674146773e-21 2 ;1 1 12 2.3069968080476454e-20 2 ;0 2 12 0.0 2 ;2 2 11 3.9119271476750224 0 ;2 1 12 23.197656008397143 0 ;1 3 11 1.6053934256515547 0 ;2 2 10 2525540000000.0 0 ;2 1 11 26278900000000.0 0 ;2 0 12 17226200000000.0 0 ;1 3 10 775942000000000.0 0 ;1 1 13 4.5647848863630254e-20 1 ;0 3 12 2.0688908521431184e-19 1 ;0 2 13 4.7280182387565584e-21 1 ;
1 1 13 ;1 1 12 1.0963365443051228e-20 2 ;1 0 13 1.1500630339494102e-20 2 ;0 1 13 0.0 2 ;2 1 12 4.543087989303027 0 ;2 0 13 11.38512192145818 0 ;1 2 12 1.882879600199963 0 ;2 1 11 3223170000000.0 0 ;2 0 12 17092700000000.0 0 ;1 2 11 668700000000000.0 0 ;1 0 14 1.5463697701524463e-20 1 ;0 2 13 2.3616411990671435e-19 1 ;0 1 14 3.7588555510141536e-21 1 ;
1 0 14 ;1 0 13 1.4588769294585298e-20 2 ;0 0 14 0.0 2 ;2 0 13 4.743011135558727 0 ;1 1 13 2.1628765235906053 0 ;2 0 12 4328170000000.0 0 ;1 1 12 1510930000000000.0 0 ;0 1 14 2.6359900956130867e-19 1 ;0 0 15 2.866667944430766e-21 1 ;
0 8 7 ;0 8 6 1.2669754698041472e-21 2 ;0 7 7 9.345866228552803e-20 2 ;1 8 6 4.232560050535219 0 ;1 7 7 155.58938875175127 0 ;1 8 5 1647490000000.0 0 ;1 7 6 124554000000000.0 0 ;1 6 7 784895000000000.0 0 ;0 7 8 1.1585656828183132e-18 1 ;
0 7 8 ;0 7 7 1.977222875152876e-21 2 ;0 6 8 8.153712052132273e-20 2 ;1 7 7 4.919358167300604 0 ;1 6 8 131.09732467525984 0 ;0 8 7 0.2504585904975585 0 ;1 7 6 2760840000000.0 0 ;1 6 7 123675000000000.0 0 ;1 5 8 662613000000000.0 0 ;0 8 6 164925000000000.0 0 ;0 6 9 6.502250270889065e-19 1 ;
0 6 9 ;0 6 8 2.9662889062264027e-21 2 ;0 5 9 6.969653569430932e-20 2 ;1 6 8 5.289777741207421 0 ;1 5 9 111.80368706003588 0 ;0 7 8 0.5016807542781678 0 ;1 6 7 3439420000000.0 0 ;1 5 8 133425000000000.0 0 ;1 4 9 527301000000000.0 0 ;0 7 7 303543000000000.0 0 ;0 5 10 3.741243407406451e-19 1 ;
0 5 10 ;0 5 9 4.307897154778156e-21 2 ;0 4 10 5.789897425605051e-20 2 ;1 5 9 5.792760881165308 0 ;1 4 10 92.67084474979751 0 ;0 6 9 0.7582785487866294 0 ;1 5 8 4660960000000.0 0 ;1 4 9 136832000000000.0 0 ;1 3 10 387568000000000.0 0 ;0 6 8 430689000000000.0 0 ;0 4 11 2.1098759007124822e-19 1 ;
0 4 11 ;0 4 10 6.086248120365775e-21 2 ;0 3 11 4.617619740932169e-20 2 ;1 4 10 6.278148655471836 0 ;1 3 11 73.69282910737218 0 ;0 5 10 1.0155095474533127 0 ;1 4 9 6113030000000.0 0 ;1 3 10 132028000000000.0 0 ;1 2 11 253949000000000.0 0 ;0 5 9 533971000000000.0 0 ;0 3 12 1.1524149803583925e-19 1 ;
0 3 12 ;0 3 11 8.397365661865387e-21 2 ;0 2 12 3.452113349611349e-20 2 ;1 3 11 6.745960175690972 0 ;1 2 12 54.90341153341614 0 ;0 4 11 1.2748749847432617 0 ;1 3 10 7800490000000.0 0 ;1 2 11 117365000000000.0 0 ;1 1 12 137461000000000.0 0 ;0 4 10 609916000000000.0 0 ;0 2 13 5.901446450254122e-20 1 ;
0 2 13 ;0 2 12 1.1352697487469032e-20 2 ;0 1 13 2.2937317841902262e-20 2 ;1 2 12 7.196241785620453 0 ;1 1 13 36.337069160831604 0 ;0 3 12 1.536348050766081 0 ;1 2 11 9723680000000.0 0 ;1 1 12 91327600000000.0 0 ;1 0 13 49208500000000.0 0 ;0 3 11 637374000000000.0 0 ;0 1 14 2.6581378079759506e-20 1 ;
0 1 14 ;0 1 13 1.507599205291148e-20 2 ;0 0 14 1.1429865288271559e-20 2 ;1 1 13 7.629153141295759 0 ;1 0 14 18.02607680799525 0 ;0 2 13 1.7999141369188771 0 ;1 1 12 11878600000000.0 0 ;1 0 13 52578700000000.0 0 ;0 2 12 548700000000000.0 0 ;0 0 15 8.752587434634752e-21 1 ;
0 0 15 ;0 0 14 1.97085257223695e-20 2 ;1 0 14 8.04486649843265 0 ;0 1 14 2.065566538309674 0 ;1 0 13 14257400000000.0 0 ;0 1 13 1238300000000000.0 0 ;
2 8 6 ;2 8 5 4.643864632418235e-22 2 ;2 7 6 9.414234030310086e-20 2 ;1 8 6 0.0 2 ;2 7 7 2.0363172219924174e-18 1 ;1 8 7 1.883674717159637e-20 1 ;
2 7 7 ;2 7 6 6.233024274593494e-22 2 ;2 6 7 8.21967517271917e-20 2 ;1 7 7 0.0 2 ;2 8 6 0.1848598897650771 0 ;2 8 5 268939000000000.0 0 ;2 6 8 1.6801160352884004e-18 1 ;1 8 7 1.005334143082265e-19 1 ;1 7 8 2.3960054953237786e-20 1 ;
2 6 8 ;2 6 7 1.0335221783839995e-21 2 ;2 5 8 7.027286297103856e-20 2 ;1 6 8 0.0 2 ;2 7 7 0.5794119549376398 0 ;2 7 6 453075000000000.0 0 ;2 5 9 8.766370851371215e-19 1 ;1 7 8 1.834937969263271e-19 1 ;1 6 9 2.3524404738781026e-20 1 ;
2 5 9 ;2 5 8 1.6332665870426003e-21 2 ;2 4 9 5.852137834231188e-20 2 ;1 5 9 0.0 2 ;2 6 8 0.8649262788678543 0 ;2 6 7 594417000000000.0 0 ;2 4 10 5.581942138023679e-19 1 ;1 6 9 2.8862945874076447e-19 1 ;1 5 10 1.9367349812459874e-20 1 ;
2 4 10 ;2 4 9 2.4807451275931186e-21 2 ;2 3 10 4.661396356037822e-20 2 ;1 4 10 0.0 2 ;2 5 9 1.1683375097872852 0 ;2 5 8 956359000000000.0 0 ;2 3 11 2.3928011454500025e-19 1 ;1 5 10 3.8457499799441984e-19 1 ;1 4 11 1.6715750291910193e-20 1 ;
2 3 11 ;2 3 10 3.64600233106932e-21 2 ;2 2 11 3.4922306839060295e-20 2 ;1 3 11 0.0 2 ;2 4 10 1.3791171442428287 0 ;2 4 9 797701000000000.0 0 ;2 2 12 1.3610593895844418e-19 1 ;1 4 11 4.742614523659532e-19 1 ;1 3 12 1.3993937810891008e-20 1 ;
2 2 12 ;2 2 11 5.208031545974385e-21 2 ;2 1 12 2.318462349965515e-20 2 ;1 2 12 0.0 2 ;2 3 11 1.7060411231258354 0 ;2 3 10 1068660000000000.0 0 ;2 1 13 5.3805393238984026e-20 1 ;1 3 12 5.687025964766629e-19 1 ;1 2 13 1.1657589770570177e-20 1 ;
2 1 13 ;2 1 12 7.266149253001136e-21 2 ;2 0 13 1.1495365955500455e-20 2 ;1 1 13 0.0 2 ;2 2 12 1.929741048079856 0 ;2 2 11 722958000000000.0 0 ;2 0 14 1.3438006669186993e-20 1 ;1 2 13 7.181607786223784e-19 1 ;1 1 14 1.0210495943014464e-20 1 ;
2 0 14 ;2 0 13 9.935117357567651e-21 2 ;1 0 14 0.0 2 ;2 1 13 2.1113040046351577 0 ;2 1 12 878235000000000.0 0 ;1 1 14 8.392663547342085e-19 1 ;1 0 15 8.043401191798559e-21 1 ;
1 8 7 ;1 8 6 6.642041135909529e-22 2 ;1 7 7 9.31889842820256e-20 2 ;0 8 7 0.0 2 ;2 8 6 1.3926433348180212 0 ;2 7 7 88.14688770761913 0 ;2 8 5 355983000000.0 0 ;2 7 6 25659600000000.0 0 ;2 6 7 171864000000000.0 0 ;1 7 8 6.108280166187527e-19 1 ;0 8 8 9.98639172371725e-21 1 ;
1 7 8 ;1 7 7 1.0950705917220111e-21 2 ;1 6 8 8.253591975318626e-20 2 ;0 7 8 0.0 2 ;2 7 7 2.4114935413118026 0 ;2 6 8 75.64549086726998 0 ;1 8 7 0.18622937331134296 0 ;2 7 6 480764000000.0 0 ;2 6 7 27333500000000.0 0 ;2 5 8 173499000000000.0 0 ;1 8 6 55227900000000.0 0 ;1 6 9 2.9352905106614483e-18 1 ;0 8 8 4.143613149828587e-20 1 ;0 7 9 9.546606484239554e-21 1 ;
1 6 9 ;1 6 8 1.7217161525340844e-21 2 ;1 5 9 7.009186072000878e-20 2 ;0 6 9 0.0 2 ;2 6 8 2.8144164490080215 0 ;2 5 9 63.431590852599975 0 ;1 7 8 0.6911808256827753 0 ;2 6 7 795965000000.0 0 ;2 5 8 34463800000000.0 0 ;2 4 9 138837000000000.0 0 ;1 7 7 1681540000000000.0 0 ;1 5 10 5.0518578478750515e-19 1 ;0 7 9 7.400151516034148e-20 1 ;0 6 10 7.500958949379376e-21 1 ;
1 5 10 ;1 5 9 2.6042247564578495e-21 2 ;1 4 10 5.826010038571211e-20 2 ;0 5 10 0.0 2 ;2 5 9 2.923082707616409 0 ;2 4 10 53.706236064612206 0 ;1 6 9 0.7714134519900575 0 ;2 5 8 1116780000000.0 0 ;2 4 9 35553500000000.0 0 ;2 3 10 106088000000000.0 0 ;1 6 8 527830000000000.0 0 ;1 4 11 2.7741069997312865e-19 1 ;0 6 10 1.093412532167878e-19 1 ;0 5 11 6.381651264794046e-21 1 ;
1 4 11 ;1 4 10 3.812733465425651e-21 2 ;1 3 11 4.648968663260535e-20 2 ;0 4 11 0.0 2 ;2 4 10 3.235721986626856 0 ;2 3 11 42.391370690393146 0 ;1 5 10 1.0239679196170028 0 ;2 4 9 1472210000000.0 0 ;2 3 10 35657000000000.0 0 ;2 2 11 70578700000000.0 0 ;1 5 9 641988000000000.0 0 ;1 3 12 1.4823534568653175e-19 1 ;0 5 11 1.4346769717948333e-19 1 ;0 4 12 5.339530713932909e-21 1 ;
1 3 12 ;1 3 11 5.4300402126796594e-21 2 ;1 2 12 3.477028179166726e-20 2 ;0 3 12 0.0 2 ;2 3 11 3.4473262580386526 0 ;2 2 12 32.16406635312656 0 ;1 4 11 1.2761313522828237 0 ;2 3 10 1944550000000.0 0 ;2 2 11 32187600000000.0 0 ;2 1 12 39784200000000.0 0 ;1 4 10 722435000000000.0 0 ;1 2 13 7.45301150825339e-20 1 ;0 4 12 1.7613910712412715e-19 1 ;0 3 13 4.372535674634528e-21 1 ;
1 2 13 ;1 2 12 7.549987728013182e-21 2 ;1 1 13 2.3116606786464205e-20 2 ;0 2 13 0.0 2 ;2 2 12 3.7432910821594207 0 ;2 1 13 23.211978998451762 0 ;1 3 12 1.5284883191468013 0 ;2 2 11 2456440000000.0 0 ;2 1 12 26074200000000.0 0 ;2 0 13 16104900000000.0 0 ;1 3 11 746088000000000.0 0 ;1 1 14 3.3051808685174055e-20 1 ;0 3 13 2.072036298526568e-19 1 ;0 2 14 3.4782746651916386e-21 1 ;
1 1 14 ;1 1 13 1.0294899856400554e-20 2 ;1 0 14 1.1525967917782051e-20 2 ;0 1 14 0.0 2 ;2 1 13 4.321291758893618 0 ;2 0 14 11.394103070022506 0 ;1 2 13 1.7814446305306986 0 ;2 1 12 3107930000000.0 0 ;2 0 13 16943400000000.0 0 ;1 2 12 636223000000000.0 0 ;1 0 15 1.0738919154735875e-20 1 ;0 2 14 2.3653521189577296e-19 1 ;0 1 15 2.6541323706337308e-21 1 ;
1 0 15 ;1 0 14 1.3563733300548692e-20 2 ;0 0 15 0.0 2 ;2 0 14 4.488607590687419 0 ;1 1 14 2.035300914490474 0 ;2 0 13 4143610000000.0 0 ;1 1 13 1424800000000000.0 0 ;0 1 15 2.640242927614679e-19 1 ;0 0 16 1.8972696427270545e-21 1 ;
0 8 8 ;0 8 7 1.1590057115675267e-21 2 ;0 7 8 9.359103118309088e-20 2 ;1 8 7 4.274279674672713 0 ;1 7 8 155.6554850920603 0 ;1 8 6 1752450000000.0 0 ;1 7 7 126319000000000.0 0 ;1 6 8 715121000000000.0 0 ;0 7 9 9.229446530924116e-19 1 ;
0 7 9 ;0 7 8 1.813552061502745e-21 2 ;0 6 9 8.166308251460295e-20 2 ;1 7 8 4.889824783262441 0 ;1 6 9 131.15480687559258 0 ;0 8 8 0.24824755938631843 0 ;1 7 7 2855930000000.0 0 ;1 6 8 124465000000000.0 0 ;1 5 9 607697000000000.0 0 ;0 8 7 170852000000000.0 0 ;0 6 10 5.1177001693623095e-19 1 ;
0 6 10 ;0 6 9 2.7321288546751016e-21 2 ;0 5 10 6.981137217427222e-20 2 ;1 6 9 5.192687134514126 0 ;1 5 10 111.85458228717327 0 ;0 7 9 0.4907825507479913 0 ;1 6 8 3484190000000.0 0 ;1 5 9 133564000000000.0 0 ;1 4 10 486387000000000.0 0 ;0 7 8 306710000000000.0 0 ;0 5 11 2.9033059154140146e-19 1 ;
0 5 11 ;0 5 10 3.985126504035071e-21 2 ;0 4 11 5.800653402518574e-20 2 ;1 5 10 5.6291280620821045 0 ;1 4 11 92.71509710643241 0 ;0 6 10 0.733968061099811 0 ;1 5 9 4645350000000.0 0 ;1 4 10 136455000000000.0 0 ;1 3 11 359310000000000.0 0 ;0 6 9 426793000000000.0 0 ;0 4 12 1.6095025310846735e-19 1 ;
0 4 12 ;0 4 11 5.657130921039112e-21 2 ;0 3 12 4.6266478369640605e-20 2 ;1 4 11 6.049935856172459 0 ;1 3 12 73.72895012668438 0 ;0 5 11 0.9743796887535956 0 ;1 4 10 6013920000000.0 0 ;1 3 11 131302000000000.0 0 ;1 2 12 236493000000000.0 0 ;0 5 10 520971000000000.0 0 ;0 3 13 8.601570666134991e-20 1 ;
0 3 13 ;0 3 12 7.84761584808084e-21 2 ;0 2 13 3.459503054961616e-20 2 ;1 3 12 6.45514382896736 0 ;1 2 13 54.931175597624495 0 ;0 4 12 1.2142698429491552 0 ;1 3 11 7593220000000.0 0 ;1 2 12 116483000000000.0 0 ;1 1 13 128527000000000.0 0 ;0 4 11 587552000000000.0 0 ;0 2 14 4.2781133796407236e-20 1 ;
0 2 14 ;0 2 13 1.066588009547698e-20 2 ;0 1 14 2.299055458474665e-20 2 ;1 2 13 6.844779664343684 0 ;1 1 14 36.35627492972092 0 ;0 3 13 1.45416402814792 0 ;1 2 12 9382570000000.0 0 ;1 1 13 90504800000000.0 0 ;1 0 14 46176600000000.0 0 ;0 3 12 607550000000000.0 0 ;0 1 15 1.8482383773790545e-20 1 ;
0 1 15 ;0 1 14 1.425066792973381e-20 2 ;0 0 15 1.1458150576943714e-20 2 ;1 1 14 7.219033467418942 0 ;1 0 15 18.035762116800413 0 ;0 2 14 1.6944441387399827 0 ;1 1 13 11377500000000.0 0 ;1 0 14 52047000000000.0 0 ;0 2 13 518385000000000.0 0 ;0 0 16 5.700927188483747e-21 1 ;
0 0 16 ;1 0 15 7.578053591240437 0 ;0 1 15 1.9353753485301002 0 ;1 0 14 13570000000000.0 0 ;0 1 14 1161010000000000.0 0 ;
0 0 0 ; 0 0 1  0.000 0; 
