1 0 0 ;0 0 0 4.282794540786817e-20 2 ;0 1 0 4.903126534799968e-19 1 ;0 0 1 9.318532169694317e-20 1 ;
0 1 0 ;0 0 0 1.582564586129008e-21 2 ;1 0 0 1.2575224978837631 0 ;0 0 1 7.547893250471743e-19 1 ;
0 0 1 ;0 0 0 2.1238480942618213e-22 2 ;1 0 0 0.14919267387511376 0 ;0 1 0 0.11796569808499913 0 ;
2 0 0 ;1 0 0 8.848777360598332e-20 2 ;1 1 0 9.806253069599936e-19 1 ;1 0 1 1.8637064339388633e-19 1 ;
1 1 0 ;1 0 0 8.900978614775228e-22 2 ;0 1 0 4.3347573499982514e-20 2 ;2 0 0 0.45525591819878763 0 ;1 0 1 7.206417936349416e-19 1 ;0 2 0 3.436464967757701e-19 1 ;0 1 1 7.850162401432572e-20 1 ;
1 0 1 ;1 0 0 1.150660752935332e-22 2 ;0 0 1 4.306963825836081e-20 2 ;2 0 0 0.052199607868078535 0 ;1 1 0 0.06484249417691061 0 ;0 1 1 3.7410195741432094e-19 1 ;0 0 2 6.712241213903986e-20 1 ;
0 2 0 ;0 1 0 2.586632553892359e-21 2 ;1 1 0 1.9398773360410013 0 ;1 0 0 198555000000000.0 0 ;0 1 1 1.0404677189225678e-18 1 ;
0 1 1 ;0 1 0 1.2208240561691564e-22 2 ;0 0 1 9.184589523439512e-22 2 ;1 1 0 0.11584414895008278 0 ;1 0 1 0.9543515152540654 0 ;0 2 0 0.05084064626023403 0 ;1 0 0 20149400000000.0 0 ;0 0 2 3.293918521166928e-19 1 ;
0 0 2 ;0 0 1 3.4434871618862706e-22 2 ;1 0 1 0.22413423901224 0 ;0 1 1 0.10170538140949961 0 ;1 0 0 1863580000000.0 0 ;0 1 0 386501000000000.0 0 ;
2 1 0 ;2 0 0 4.4958920267009295e-22 2 ;1 1 0 7.467268187764613e-20 2 ;2 0 1 6.757019647250393e-19 1 ;1 2 0 8.580471435899944e-19 1 ;1 1 1 1.8637064339388633e-19 1 ;
2 0 1 ;2 0 0 5.543020327366481e-23 2 ;1 0 1 7.439832879354172e-20 2 ;2 1 0 0.0382676767082052 0 ;1 1 1 9.80540485933923e-19 1 ;1 0 2 1.3403724837816817e-19 1 ;
1 2 0 ;1 1 0 1.4031395444149905e-21 2 ;0 2 0 3.662639437854157e-20 2 ;2 1 0 0.8764031102925444 0 ;2 0 0 53243600000000.0 0 ;1 1 1 9.331396691981682e-19 1 ;0 3 0 1.8377888981950865e-19 1 ;0 2 1 5.156929893919935e-20 1 ;
1 1 1 ;1 1 0 5.967254797091098e-23 2 ;1 0 1 4.516248737813793e-22 2 ;0 1 1 3.641865087277967e-20 2 ;2 1 0 0.047940552555019056 0 ;2 0 1 0.4421764862742407 0 ;1 2 0 0.02473018617305559 0 ;2 0 0 5435810000000.0 0 ;1 0 2 5.058290109018734e-20 1 ;0 2 1 2.0626235207723505e-19 1 ;0 1 2 4.4211781769463715e-20 1 ;
1 0 2 ;0 0 2 3.67121972305654e-20 2 ;2 0 1 0.09361491042841508 0 ;1 1 1 0.027471880072346456 0 ;2 0 0 508327000000.0 0 ;1 1 0 364733000000000.0 0 ;0 1 2 3.106899939379447e-19 1 ;0 0 3 4.945631293419762e-20 1 ;
0 3 0 ;0 2 0 3.131880498535276e-21 2 ;1 2 0 1.7593098063266184 0 ;1 1 0 364119000000000.0 0 ;0 2 1 1.0247581580524195e-18 1 ;
0 2 1 ;0 2 0 6.401787375164879e-23 2 ;0 1 1 9.69019684942044e-22 2 ;1 2 0 0.07032847642715576 0 ;1 1 1 1.1578269960748897 0 ;0 3 0 0.019083611514972097 0 ;1 1 0 25282500000000.0 0 ;1 0 1 112147000000000.0 0 ;0 1 2 3.903734575821867e-19 1 ;
0 1 2 ;0 1 1 1.9180533760275742e-22 2 ;0 0 2 7.237323064611211e-22 2 ;1 1 1 0.13619216624018302 0 ;1 0 2 0.6347256834271708 0 ;0 2 1 0.037661127737897794 0 ;1 1 0 1224590000000.0 0 ;1 0 1 22797600000000.0 0 ;0 2 0 124613000000000.0 0 ;0 0 3 1.2043054211268532e-19 1 ;
0 0 3 ;0 0 2 4.1455326391819834e-22 2 ;1 0 2 0.21639581000441876 0 ;0 1 2 0.05608477503274943 0 ;1 0 1 3172080000000.0 0 ;0 1 1 422200000000000.0 0 ;
2 2 0 ;2 1 0 8.949415986574046e-22 2 ;1 2 0 7.523690145837387e-20 2 ;2 1 1 1.5095786500943486e-18 1 ;1 3 0 7.35468980219995e-19 1 ;1 2 1 1.7561957833944508e-19 1 ;
2 1 1 ;2 1 0 2.4581047759747558e-23 2 ;2 0 1 4.485246013230647e-22 2 ;1 1 1 7.501844682105254e-20 2 ;2 2 0 0.024934076951698192 0 ;2 0 2 4.894161423572234e-19 1 ;1 2 1 8.580471435899944e-19 1 ;1 1 2 1.0270294766394195e-19 1 ;
2 0 2 ;2 0 1 8.18316757423534e-23 2 ;1 0 2 7.381984540557709e-20 2 ;2 1 1 0.05812840395987879 0 ;2 1 0 235246000000000.0 0 ;1 1 2 6.536979768785726e-19 1 ;1 0 3 8.879536236986998e-20 1 ;
1 3 0 ;1 2 0 1.6290984807866492e-21 2 ;0 3 0 3.6944898847989354e-20 2 ;2 2 0 1.276659864185795 0 ;2 1 0 73882800000000.0 0 ;1 2 1 1.9844468084106675e-18 1 ;0 4 0 1.586789345214673e-19 1 ;0 3 1 3.9036285495392787e-20 1 ;
1 2 1 ;1 2 0 2.692800581728349e-23 2 ;1 1 1 8.984937100346375e-22 2 ;0 2 1 3.676112896585921e-20 2 ;2 2 0 0.04169643711203502 0 ;2 1 1 0.8492278694343425 0 ;1 3 0 0.01835836400182571 0 ;2 1 0 5236690000000.0 0 ;2 0 1 23377800000000.0 0 ;1 1 2 5.908126106057176e-20 1 ;0 3 1 1.8508419116514977e-19 1 ;0 2 2 3.3575578521159657e-20 1 ;
1 1 2 ;1 0 2 4.487286836915389e-22 2 ;0 1 2 3.723500550869984e-20 2 ;2 1 1 0.07107892080948139 0 ;2 0 2 0.3862779292225002 0 ;1 2 1 0.015490031186898841 0 ;2 1 0 262524000000.0 0 ;2 0 1 4250870000000.0 0 ;1 2 0 111989000000000.0 0 ;1 0 3 4.064010973000996e-19 1 ;0 2 2 3.28364575245394e-19 1 ;0 1 3 4.244597293644794e-20 1 ;
1 0 3 ;1 0 2 2.0685169468072773e-22 2 ;0 0 3 3.6887756534715866e-20 2 ;2 0 2 0.09629941163024326 0 ;1 1 2 0.06492676783094867 0 ;2 0 1 463138000000.0 0 ;1 1 1 34441800000000.0 0 ;0 1 3 3.203395637232755e-19 1 ;0 0 4 3.250212131344468e-20 1 ;
0 4 0 ;0 3 0 3.3196357493266174e-21 2 ;1 3 0 2.373667610582198 0 ;1 2 0 410521000000000.0 0 ;0 3 1 1.9805238359549047e-18 1 ;
0 3 1 ;0 3 0 2.9349444062482115e-23 2 ;0 2 1 1.3495279640113069e-21 2 ;1 3 0 0.049413695563240385 0 ;1 2 1 1.763477706656647 0 ;0 4 0 0.013875198141003593 0 ;1 2 0 21992800000000.0 0 ;1 1 1 156709000000000.0 0 ;0 2 2 7.269444670999057e-19 1 ;
0 2 2 ;0 2 1 9.574463317035433e-23 2 ;0 1 2 9.01403448671689e-22 2 ;1 2 1 0.09579404738160004 0 ;1 1 2 1.3519391479763432 0 ;0 3 1 0.026747186889868498 0 ;1 2 0 744274000000.0 0 ;1 1 1 21745100000000.0 0 ;1 0 2 92292000000000.0 0 ;0 3 0 102937000000000.0 0 ;0 1 3 2.686175869371491e-19 1 ;
0 1 3 ;0 1 2 2.216718225418557e-22 2 ;0 0 3 5.606560732147858e-22 2 ;1 1 2 0.15854125718125228 0 ;1 0 3 0.6412312084448739 0 ;0 2 2 0.03923465802099297 0 ;1 1 1 1577740000000.0 0 ;1 0 2 27451600000000.0 0 ;0 2 1 94410100000000.0 0 ;0 0 4 8.095354070266768e-20 1 ;
0 0 4 ;0 0 3 4.364047039264606e-22 2 ;1 0 3 0.1975965266365592 0 ;0 1 3 0.051599947021648225 0 ;1 0 2 4857200000000.0 0 ;0 1 2 299543000000000.0 0 ;
2 3 0 ;2 2 0 1.0008811243947657e-21 2 ;1 3 0 7.582324849564122e-20 2 ;2 2 1 2.2643679751415225e-18 1 ;1 4 0 5.030263828321258e-19 1 ;1 3 1 9.356972587481563e-20 1 ;
2 2 1 ;2 2 0 8.787938023441696e-24 2 ;2 1 1 6.707996286223896e-22 2 ;1 2 1 7.557484304432719e-20 2 ;2 3 0 0.009598840995328503 0 ;2 1 2 9.299164702074875e-19 1 ;1 3 1 5.948899102061365e-19 1 ;1 2 2 7.099661250481187e-20 1 ;
2 1 2 ;2 1 1 3.380093137489462e-23 2 ;2 0 2 3.3681244158691048e-22 2 ;1 1 2 7.40177791017599e-20 2 ;2 2 1 0.025331069473033208 0 ;2 2 0 160359000000000.0 0 ;2 0 3 1.6709859942877515e-19 1 ;1 2 2 7.575259812077558e-19 1 ;1 1 3 5.827958455722449e-20 1 ;
2 0 3 ;2 0 2 8.813549002234921e-23 2 ;1 0 3 7.419748421730153e-20 2 ;2 1 2 0.03736508206507844 0 ;2 1 1 318750000000000.0 0 ;1 1 3 5.725984733268752e-19 1 ;1 0 4 5.221982908636815e-20 1 ;
1 4 0 ;1 3 0 1.643851215623937e-21 2 ;0 4 0 3.728557065371927e-20 2 ;2 3 0 1.369401485026459 0 ;2 2 0 136293000000000.0 0 ;1 3 1 3.0191573001886972e-18 1 ;0 5 0 1.1303297056952747e-19 1 ;0 4 1 2.6670086736191617e-20 1 ;
1 3 1 ;1 3 0 9.857926298549689e-24 2 ;1 2 1 1.0067140794515623e-21 2 ;0 3 1 3.712246982552599e-20 2 ;2 3 0 0.020623279770060628 0 ;2 2 1 1.022070195081113 0 ;1 4 0 0.009074553252339712 0 ;2 2 0 6553860000000.0 0 ;2 1 1 51491600000000.0 0 ;1 2 2 3.0751509580933203e-19 1 ;0 4 1 1.3881432144366887e-19 1 ;0 3 2 2.3027612701365082e-20 1 ;
1 2 2 ;1 2 1 3.5994314919385975e-23 2 ;1 1 2 6.789104045032374e-22 2 ;0 2 2 3.714225687875126e-20 2 ;2 2 1 0.03834378298139464 0 ;2 1 2 0.8320693728980353 0 ;1 3 1 0.012077897856534955 0 ;2 2 0 181451000000.0 0 ;2 1 1 5614640000000.0 0 ;2 0 2 11784000000000.0 0 ;1 3 0 204988000000000.0 0 ;1 1 3 4.167457282712861e-20 1 ;0 3 2 1.8438323963026126e-19 1 ;0 2 3 2.2106126498693162e-20 1 ;
1 1 3 ;1 1 2 9.589159209572119e-23 2 ;1 0 3 3.361159803855218e-22 2 ;0 1 3 3.7450652650778614e-20 2 ;2 1 2 0.0651759291601957 0 ;2 0 3 0.3367930049679593 0 ;1 2 2 0.01268151645824734 0 ;2 1 1 216123000000.0 0 ;2 0 2 3413020000000.0 0 ;1 2 1 5712780000000.0 0 ;1 0 4 2.0295079785106432e-19 1 ;0 2 3 2.9489325590211274e-19 1 ;0 1 4 2.5343697941013514e-20 1 ;
1 0 4 ;1 0 3 2.0643911587855901e-22 2 ;0 0 4 3.710413317759972e-20 2 ;2 0 3 0.07953392874526814 0 ;1 1 3 0.042165784755405465 0 ;2 0 2 571691000000.0 0 ;1 1 2 1187680000000000.0 0 ;0 1 4 2.8507168792502783e-19 1 ;0 0 5 1.912761260682994e-20 1 ;
0 5 0 ;0 4 0 3.2377567456737283e-21 2 ;1 4 0 2.6011352944923387 0 ;1 3 0 633369000000000.0 0 ;0 4 1 3.2015342869384286e-18 1 ;
0 4 1 ;0 4 0 1.101176510799808e-23 2 ;0 3 1 1.3444983313120483e-21 2 ;1 4 0 0.03149193860223509 0 ;1 3 1 2.068680955243858 0 ;0 5 0 0.00726653168570246 0 ;1 3 0 24523100000000.0 0 ;1 2 1 227192000000000.0 0 ;0 3 2 9.650323750006922e-19 1 ;
0 3 2 ;0 3 1 4.08376728441e-23 2 ;0 2 2 1.0117964414587748e-21 2 ;1 3 1 0.06112904824027257 0 ;1 2 2 1.604930642953252 0 ;0 4 1 0.013373346164365323 0 ;1 3 0 516331000000.0 0 ;1 2 1 21406300000000.0 0 ;1 1 2 252775000000000.0 0 ;0 4 0 161123000000000.0 0 ;0 2 3 3.4136221942089815e-19 1 ;
0 2 3 ;0 2 2 1.0439139663241782e-22 2 ;0 1 3 6.7627996760886955e-22 2 ;1 2 2 0.09229999349329711 0 ;1 1 3 1.1885835642300977 0 ;0 3 2 0.019120271295542397 0 ;1 2 1 849006000000.0 0 ;1 1 2 45445600000000.0 0 ;1 0 3 84595900000000.0 0 ;0 3 1 112607000000000.0 0 ;0 1 4 1.2289742028757027e-19 1 ;
0 1 4 ;0 1 3 2.224212052635052e-22 2 ;0 0 4 4.258203477146963e-22 2 ;1 1 3 0.1316043184201679 0 ;1 0 4 0.5620382337911725 0 ;0 2 3 0.024747245495399188 0 ;1 1 2 3202200000000.0 0 ;1 0 3 29953600000000.0 0 ;0 2 2 123211000000000.0 0 ;0 0 5 3.6295977318411e-20 1 ;
0 0 5 ;0 0 4 4.2219483837679936e-22 2 ;1 0 4 0.15326105290823533 0 ;0 1 4 0.03035294326923525 0 ;1 0 3 5052310000000.0 0 ;0 1 3 321747000000000.0 0 ;
2 4 0 ;2 3 0 9.724628592237906e-22 2 ;1 4 0 7.61880431963684e-20 2 ;2 3 1 3.0191573001886972e-18 1 ;1 5 0 4.1536503045802674e-19 1 ;1 4 1 6.434617283295874e-20 1 ;
2 3 1 ;2 3 0 2.2009121925726315e-24 2 ;2 2 1 7.332179035467653e-22 2 ;1 3 1 7.598425365213315e-20 2 ;2 4 0 0.0035519497030435045 0 ;2 2 2 1.3850448908455004e-18 1 ;1 4 1 5.207068544886078e-19 1 ;1 3 2 4.157914917279925e-20 1 ;
2 2 2 ;2 2 1 1.071638764155128e-23 2 ;2 1 2 4.907372468175692e-22 2 ;1 2 2 7.542606209262293e-20 2 ;2 3 1 0.012913133454048598 0 ;2 3 0 235404000000000.0 0 ;2 1 3 4.516165945447314e-19 1 ;1 3 2 3.818171365773207e-19 1 ;1 2 3 3.6149778855419963e-20 1 ;
2 1 3 ;2 1 2 3.341009423999607e-23 2 ;2 0 3 2.4727237425380426e-22 2 ;1 1 3 7.413397129103235e-20 2 ;2 2 2 0.016266341649780167 0 ;2 2 1 190461000000000.0 0 ;2 0 4 5.827840648741795e-20 1 ;1 2 3 6.556029157557402e-19 1 ;1 1 4 2.8741722490983965e-20 1 ;
2 0 4 ;2 0 3 8.22393779571255e-23 2 ;1 0 4 7.437471584504646e-20 2 ;2 1 3 0.019124163936526013 0 ;2 1 2 178266000000000.0 0 ;1 1 4 4.956952544260565e-19 1 ;1 0 5 2.5920009690370586e-20 1 ;
1 5 0 ;1 4 0 1.5226583792455731e-21 2 ;0 5 0 3.750210093119508e-20 2 ;2 4 0 1.7484760657581597 0 ;2 3 0 177041000000000.0 0 ;1 4 1 3.773946625235871e-18 1 ;0 6 0 7.37803914576548e-20 1 ;0 5 1 1.5446497882349048e-20 1 ;
1 4 1 ;1 4 0 2.587577227345784e-24 2 ;1 3 1 9.796937076947921e-22 2 ;0 4 1 3.7359789630770625e-20 2 ;2 4 0 0.01325192152781754 0 ;2 3 1 1.4001211701037735 0 ;1 5 0 0.002733636591680776 0 ;2 3 0 6357230000000.0 0 ;2 2 1 56038500000000.0 0 ;1 3 2 8.862513128282563e-20 1 ;0 5 1 9.771170150761313e-20 1 ;0 4 2 1.3396656418977605e-20 1 ;
1 3 2 ;1 2 2 7.296894415400972e-22 2 ;0 3 2 3.763138640077561e-20 2 ;2 3 1 0.023354302211924152 0 ;2 2 2 0.7978133608414452 0 ;1 4 1 0.003223949229932427 0 ;2 3 0 111567000000.0 0 ;2 2 1 4710860000000.0 0 ;2 1 2 30467800000000.0 0 ;1 4 0 266329000000000.0 0 ;1 2 3 2.0127676065597766e-18 1 ;0 4 2 1.6315206557688186e-19 1 ;0 3 3 1.519745392524748e-20 1 ;
1 2 3 ;1 2 2 3.719428205060788e-23 2 ;1 1 3 4.987631791346973e-22 2 ;0 2 3 3.7234660530656184e-20 2 ;2 2 2 0.030546122523084366 0 ;2 1 3 0.7175474606387493 0 ;1 3 2 0.009328760993456845 0 ;2 2 1 134463000000.0 0 ;2 1 2 4835540000000.0 0 ;2 0 3 8854420000000.0 0 ;1 3 1 27547400000000.0 0 ;1 1 4 1.4885029812554316e-20 1 ;0 3 3 1.6021278140957627e-19 1 ;0 2 4 1.1035427544342749e-20 1 ;
1 1 4 ;1 1 3 9.017450506312539e-23 2 ;1 0 4 2.464384940664142e-22 2 ;0 1 4 3.755610941775473e-20 2 ;2 1 3 0.045723342592828425 0 ;2 0 4 0.29046530261898423 0 ;1 2 3 0.006542366716569356 0 ;2 1 2 216841000000.0 0 ;2 0 3 3113830000000.0 0 ;1 2 2 8439260000000.0 0 ;1 0 5 7.842681658161074e-20 1 ;0 2 4 2.592189460206104e-19 1 ;0 1 5 1.2698650058605431e-20 1 ;
1 0 5 ;1 0 4 1.8960119682721074e-22 2 ;0 0 5 3.72149428155609e-20 2 ;2 0 4 0.05249930818206722 0 ;1 1 4 0.020967274947601505 0 ;2 0 3 514770000000.0 0 ;1 1 3 946527000000000.0 0 ;0 1 5 2.4925954387616085e-19 1 ;0 0 6 9.474449708589264e-21 1 ;
0 6 0 ;0 5 0 2.9789304243700117e-21 2 ;1 5 0 2.696790117862438 0 ;1 4 0 746572000000000.0 0 ;0 5 1 4.528735950283045e-18 1 ;
0 5 1 ;0 5 0 3.0161731105649258e-24 2 ;0 4 1 1.2262749693768685e-21 2 ;1 5 0 0.01710955024949998 0 ;1 4 1 2.242281064229879 0 ;0 6 0 0.0022748738486908565 0 ;1 4 0 22457600000000.0 0 ;1 3 1 214592000000000.0 0 ;0 4 2 1.3018613818060424e-18 1 ;
0 4 2 ;0 4 1 1.3855224097176044e-23 2 ;0 3 2 9.859455609888826e-22 2 ;1 4 1 0.033260894503557514 0 ;1 3 2 1.975561281736015 0 ;0 5 1 0.005857265683963131 0 ;1 4 0 319838000000.0 0 ;1 3 1 15108900000000.0 0 ;1 2 2 199155000000000.0 0 ;0 5 0 221835000000000.0 0 ;0 3 3 3.7450956956738214e-19 1 ;
0 3 3 ;0 3 2 4.1312020122415575e-23 2 ;0 2 3 7.422335356376763e-22 2 ;1 3 2 0.05309556697171125 0 ;1 2 3 1.3858856297915678 0 ;0 4 2 0.007969049188444413 0 ;1 3 1 375829000000.0 0 ;1 2 2 25607300000000.0 0 ;1 1 3 196945000000000.0 0 ;0 4 1 85217900000000.0 0 ;0 2 4 1.2872768776011352e-19 1 ;
0 2 4 ;0 2 3 9.883233224515486e-23 2 ;0 1 4 4.962619678998511e-22 2 ;1 2 3 0.06501486546819929 0 ;1 1 4 1.0303281431801445 0 ;0 3 3 0.010044363689964742 0 ;1 2 2 1042550000000.0 0 ;1 1 3 43544000000000.0 0 ;1 0 4 66171000000000.0 0 ;0 3 2 97053600000000.0 0 ;0 1 5 4.539821587162543e-20 1 ;
0 1 5 ;0 1 4 2.0539975599848935e-22 2 ;0 0 5 3.1681194865604486e-22 2 ;1 1 4 0.08714284503289564 0 ;1 0 5 0.4863461709894175 0 ;0 2 4 0.012122334193707797 0 ;1 1 3 2951080000000.0 0 ;1 0 4 27102900000000.0 0 ;0 2 3 87623800000000.0 0 ;0 0 6 1.3187195607375628e-20 1 ;
0 0 6 ;0 0 5 3.8637560345777355e-22 2 ;1 0 5 0.09721684589957065 0 ;0 1 5 0.01421892052134945 0 ;1 0 4 4202020000000.0 0 ;0 1 4 204807000000000.0 0 ;
2 5 0 ;2 4 0 8.600881668041117e-22 2 ;1 5 0 7.6469875512067e-20 2 ;2 4 1 3.773946625235871e-18 1 ;1 6 0 3.677344901099975e-19 1 ;1 5 1 4.812049958056723e-20 1 ;
2 4 1 ;2 4 0 2.66844206935359e-25 2 ;2 3 1 6.933956441588625e-22 2 ;1 4 1 7.631094454997642e-20 2 ;2 5 0 0.0007158922591528835 0 ;2 3 2 2.0134155449533706e-18 1 ;1 5 1 4.903126534799968e-19 1 ;1 4 2 1.769083867077947e-20 1 ;
2 3 2 ;2 3 1 2.150137424663647e-24 2 ;2 2 2 5.223831296477868e-22 2 ;1 3 2 7.540049481708492e-20 2 ;2 4 1 0.006920409193744003 0 ;2 4 0 281653000000000.0 0 ;2 2 3 7.089152867806892e-19 1 ;1 3 3 1.576516576501685e-20 1 ;1 4 2 1.8550240594646978e-19 1 ;
2 2 3 ;2 2 2 9.217622838487339e-24 2 ;2 1 3 3.5033617059225364e-22 2 ;1 2 3 7.553081986399217e-20 2 ;2 3 2 0.006755766637879428 0 ;2 3 1 139006000000000.0 0 ;2 1 4 1.223413713388856e-19 1 ;1 3 3 3.2591065583838094e-19 1 ;1 2 4 1.317164508592936e-20 1 ;
2 1 4 ;2 1 3 2.808166512420495e-23 2 ;2 0 4 1.767201065122916e-22 2 ;1 1 4 7.42271701588343e-20 2 ;2 2 3 0.006126866852076043 0 ;2 2 2 171728000000000.0 0 ;2 0 5 1.452183089119948e-20 1 ;1 2 4 5.597916764600298e-19 1 ;1 1 5 1.0346068216350546e-20 1 ;
2 0 5 ;2 0 4 6.944752142714069e-23 2 ;1 0 5 7.450201690669144e-20 2 ;2 1 4 0.006577345335301771 0 ;2 1 3 89609300000000.0 0 ;1 1 5 4.2337943935188643e-19 1 ;1 0 6 9.318626415278839e-21 1 ;
1 6 0 ;1 5 0 1.3176212957095625e-21 2 ;0 6 0 3.7670193161139694e-20 2 ;2 5 0 2.4749803796001117 0 ;2 4 0 198513000000000.0 0 ;1 5 1 4.528735950283045e-18 1 ;0 7 0 4.176445955336726e-20 1 ;0 6 1 6.50472421748279e-21 1 ;
1 5 1 ;1 5 0 3.4850989900762225e-25 2 ;1 4 1 8.682489254950723e-22 2 ;0 5 1 3.7548770025413326e-20 2 ;2 5 0 0.00932815294706934 0 ;2 4 1 2.0340892196234006 0 ;1 6 0 0.0002827618058999468 0 ;2 4 0 5442520000000.0 0 ;2 3 1 44217100000000.0 0 ;1 4 2 3.36839609433609e-21 1 ;0 6 1 6.291552485990224e-20 1 ;0 5 2 5.670368057702221e-21 1 ;
1 3 3 ;1 3 2 1.0677257233290054e-23 2 ;1 2 3 5.201371548890496e-22 2 ;0 3 3 3.7693063702684845e-20 2 ;2 3 2 0.013720949204173577 0 ;2 2 3 0.6793221238088563 0 ;2 3 1 34422700000.0 0 ;2 2 2 3228840000000.0 0 ;2 1 3 21754000000000.0 0 ;1 4 1 2461310000000.0 0 ;1 2 4 1.5826778815898646e-18 1 ;0 4 3 1.3989225531664868e-19 1 ;0 3 4 5.5469063419773206e-21 1 ;
1 2 4 ;1 2 3 3.166273250431038e-23 2 ;1 1 4 3.5659764535928925e-22 2 ;0 2 4 3.730204432494869e-20 2 ;2 2 3 0.015762435479429057 0 ;2 1 4 0.6110501406046749 0 ;1 3 3 0.009916851865926805 0 ;2 2 2 116852000000.0 0 ;2 1 3 4295150000000.0 0 ;2 0 4 6486610000000.0 0 ;1 3 2 1127680000000000.0 0 ;1 1 5 3.792713277253979e-21 1 ;0 3 4 1.3700480622083062e-19 1 ;0 2 5 3.993585959966315e-21 1 ;
1 4 2 ;0 4 2 3.8592026347178505e-20 2 ;2 4 1 0.01362194710387736 0 ;2 3 2 0.8909398882188917 0 ;1 5 1 0.00034397478380003387 0 ;2 4 0 57183000000.0 0 ;2 3 1 2677660000000.0 0 ;2 2 2 25953700000000.0 0 ;1 5 0 321269000000000.0 0 ;0 5 2 2.451563267399984e-19 1 ;0 4 3 1.3275668649846427e-20 1 ;
1 1 5 ;1 1 4 7.685592692528205e-23 2 ;1 0 5 1.759620876462239e-22 2 ;0 1 5 3.763083568005031e-20 2 ;2 1 4 0.022062929743088423 0 ;2 0 5 0.24737756584637202 0 ;1 2 4 0.0022669120764817236 0 ;2 1 3 156549000000.0 0 ;2 0 4 2576050000000.0 0 ;1 2 3 4399290000000.0 0 ;1 0 6 2.0028718201848797e-20 1 ;0 2 5 2.228872731870614e-19 1 ;0 1 6 4.584753169583799e-21 1 ;
1 0 6 ;1 0 5 1.628702863290955e-22 2 ;0 0 6 3.7296920635742643e-20 2 ;2 0 5 0.02435064677060719 0 ;1 1 5 0.006991660281312423 0 ;2 0 4 348082000000.0 0 ;1 1 4 508325000000000.0 0 ;0 1 6 2.1393747686681262e-19 1 ;0 0 7 3.390319973435712e-21 1 ;
0 7 0 ;0 6 0 2.6064868647809013e-21 2 ;1 6 0 2.6742853108073046 0 ;1 5 0 791963000000000.0 0 ;0 6 1 5.28352527533022e-18 1 ;
0 6 1 ;0 6 0 4.460972181260297e-25 2 ;0 5 1 1.0428619883932247e-21 2 ;1 6 0 0.006801096769610424 0 ;1 5 1 2.2955161991840973 0 ;0 7 0 0.00015576185439737674 0 ;1 5 0 18678300000000.0 0 ;1 4 1 153134000000000.0 0 ;0 5 2 2.0552016809911783e-18 1 ;
0 5 2 ;0 5 1 3.1435563662144798e-24 2 ;0 4 2 8.754540288903584e-22 2 ;1 5 1 0.013243707450737052 0 ;1 4 2 2.72599121243347 0 ;0 6 1 0.002056789695941504 0 ;1 5 0 165907000000.0 0 ;1 4 1 8257780000000.0 0 ;1 3 2 224084000000000.0 0 ;0 6 0 302458000000000.0 0 ;0 4 3 3.5357055682602353e-19 1 ;
0 4 3 ;0 4 2 1.2314328815843604e-23 2 ;0 3 3 7.040555193745405e-22 2 ;1 3 3 1.684688301227676 0 ;1 4 2 0.026917072841986984 0 ;0 5 2 0.0024808230300336223 0 ;1 4 1 121351000000.0 0 ;1 3 2 21232800000000.0 0 ;1 2 3 143617000000000.0 0 ;0 5 1 60257600000000.0 0 ;0 3 4 9.87360332043956e-20 1 ;
0 3 4 ;0 3 3 3.5588615479782126e-23 2 ;0 2 4 5.301414411205059e-22 2 ;1 3 3 0.027414102118850137 0 ;1 2 4 1.1807769599345113 0 ;0 4 3 0.002974589292419534 0 ;1 3 2 464511000000.0 0 ;1 2 3 22414100000000.0 0 ;1 1 4 147765000000000.0 0 ;0 4 2 57686000000000.0 0 ;0 2 5 3.329661159097209e-20 1 ;
0 2 5 ;0 2 4 8.492670186358102e-23 2 ;0 1 5 3.5454244069952016e-22 2 ;1 2 4 0.03142733567519478 0 ;1 1 5 0.8794491008617692 0 ;0 3 4 0.0034977695736774154 0 ;1 2 3 768514000000.0 0 ;1 1 4 37564100000000.0 0 ;1 0 5 50229100000000.0 0 ;0 3 3 54630900000000.0 0 ;0 1 6 1.1572061902615716e-20 1 ;
0 1 6 ;0 1 5 1.7754562716598093e-22 2 ;0 0 6 2.2997882229740474e-22 2 ;1 1 5 0.040476328305521204 0 ;1 0 6 0.4148735201543774 0 ;0 2 5 0.004039717702911971 0 ;1 1 4 2027760000000.0 0 ;1 0 5 22797000000000.0 0 ;0 2 4 44461600000000.0 0 ;0 0 7 3.318976065951934e-21 1 ;
0 0 7 ;0 0 6 3.367886236086512e-22 2 ;1 0 6 0.04385780317430236 0 ;0 1 6 0.004596376868977602 0 ;1 0 5 2722510000000.0 0 ;0 1 5 97258200000000.0 0 ;
0 0 0 ; 0 0 1  0.000 0; 
