1 0 0 ;0 0 0 2.4678397360720578e-20 2 ;0 1 0 4.903126534799968e-19 1 ;
0 1 0 ;0 0 0 8.538674214469245e-22 2 ;1 0 0 0.67866205920488 0 ;
2 0 0 ;1 0 0 5.042010539309842e-20 2 ;1 1 0 9.806253069599936e-19 1 ;
1 1 0 ;1 0 0 4.26880332268933e-22 2 ;0 1 0 2.487254523051056e-20 2 ;2 0 0 0.2264446889677025 0 ;0 2 0 3.278615394380034e-19 1 ;
0 2 0 ;0 1 0 1.341141857134926e-21 2 ;1 1 0 0.9725248826879599 0 ;1 0 0 198572000000000.0 0 ;
2 1 0 ;2 0 0 1.828726269575189e-22 2 ;1 1 0 4.10179669899404e-20 2 ;1 2 0 8.580471435899944e-19 1 ;
1 2 0 ;1 1 0 6.374253465513803e-22 2 ;0 2 0 2.0278500966429058e-20 2 ;2 1 0 0.43410586281245206 0 ;2 0 0 54604700000000.0 0 ;0 3 0 1.5834789690583087e-19 1 ;
0 3 0 ;0 2 0 1.5524988511339736e-21 2 ;1 2 0 0.7949315453158001 0 ;1 1 0 345188000000000.0 0 ;
2 2 0 ;2 1 0 3.632364101601384e-22 2 ;1 2 0 4.118741862638154e-20 2 ;1 3 0 7.35468980219995e-19 1 ;
1 3 0 ;1 2 0 6.949225371807981e-22 2 ;0 3 0 2.038199258144632e-20 2 ;2 2 0 0.6320830461568324 0 ;2 1 0 65955900000000.0 0 ;0 4 0 1.365265098793773e-19 1 ;
0 4 0 ;0 3 0 1.564096148530239e-21 2 ;1 3 0 1.072006430912029 0 ;1 2 0 343485000000000.0 0 ;
2 3 0 ;2 2 0 3.7451776057944827e-22 2 ;1 3 0 4.133767871928164e-20 2 ;1 4 0 4.812309133414161e-19 1 ;
1 4 0 ;1 3 0 6.517425311941825e-22 2 ;0 4 0 2.048074958725551e-20 2 ;2 3 0 0.6508875614287537 0 ;2 2 0 117551000000000.0 0 ;0 5 0 9.331573402452661e-20 1 ;
0 5 0 ;0 4 0 1.4390916849795865e-21 2 ;1 4 0 1.1317086893189037 0 ;1 3 0 514634000000000.0 0 ;
2 4 0 ;2 3 0 3.306297102850071e-22 2 ;1 4 0 4.142275010051561e-20 2 ;1 5 0 4.583398389306284e-19 1 ;
1 5 0 ;1 4 0 5.540039488511731e-22 2 ;0 5 0 2.0539884357142814e-20 2 ;2 4 0 0.965746437518956 0 ;2 3 0 140408000000000.0 0 ;0 6 0 5.781165523006866e-20 1 ;
0 6 0 ;0 5 0 1.238220158061792e-21 2 ;1 5 0 1.1215378484016685 0 ;1 4 0 562795000000000.0 0 ;
0 0 0 ; 0 0 1  0.000 0; 
