1 0 0 ;0 0 0 6.707150860747432e-20 2 ;0 1 0 4.903126534799968e-19 1 ;0 0 1 9.318532169694317e-20 1 ;
0 1 0 ;0 0 0 2.674030689699025e-21 2 ;1 0 0 2.1462559149962104 0 ;0 0 1 7.547893250471743e-19 1 ;
0 0 1 ;0 0 0 3.6257504297959384e-22 2 ;1 0 0 0.2546254025639971 0 ;0 1 0 0.20130559455863706 0 ;
2 0 0 ;1 0 0 1.402234621203919e-19 2 ;1 1 0 9.806253069599936e-19 1 ;1 0 1 1.8637064339388633e-19 1 ;
1 1 0 ;1 0 0 1.6388480372701979e-21 2 ;0 1 0 6.819062883468923e-20 2 ;2 0 0 0.8113169114166774 0 ;1 0 1 7.258606428778932e-19 1 ;0 2 0 3.5578650613211646e-19 1 ;0 1 1 8.069813516861082e-20 1 ;
1 0 1 ;1 0 0 2.1472373672222386e-22 2 ;0 0 1 6.759402094241021e-20 2 ;2 0 0 0.09342042452243474 0 ;1 1 0 0.11990167658978024 0 ;0 1 1 3.892001000548775e-19 1 ;0 0 2 6.985247110870478e-20 1 ;
0 2 0 ;0 1 0 4.50419589803998e-21 2 ;1 1 0 3.4400847671031785 0 ;1 0 0 198510000000000.0 0 ;0 1 1 1.091967040515259e-18 1 ;
0 1 1 ;0 1 0 2.257627846804773e-22 2 ;0 0 1 1.680439362509864e-21 2 ;1 1 0 0.20517627016179887 0 ;1 0 1 1.6951176296752624 0 ;0 2 0 0.09534254317425872 0 ;1 0 0 20144900000000.0 0 ;0 0 2 3.667814316365105e-19 1 ;
0 0 2 ;0 0 1 6.055641130938595e-22 2 ;1 0 1 0.3986007015123574 0 ;0 1 1 0.1945339037249047 0 ;1 0 0 1863170000000.0 0 ;0 1 0 386441000000000.0 0 ;
2 1 0 ;2 0 0 9.280940262413936e-22 2 ;1 1 0 1.2145803112732285e-19 2 ;2 0 1 6.884734194976886e-19 1 ;1 2 0 8.580471435899944e-19 1 ;1 1 1 1.8637064339388633e-19 1 ;
2 0 1 ;2 0 0 1.1671985016556094e-22 2 ;1 0 1 1.2082689386627727e-19 2 ;2 1 0 0.0770270840107904 0 ;1 1 1 9.806253069599936e-19 1 ;1 0 2 1.4038940077500657e-19 1 ;
1 2 0 ;1 1 0 2.6856977460471845e-21 2 ;0 2 0 5.911727342467124e-20 2 ;2 1 0 1.5674915609165285 0 ;2 0 0 52704100000000.0 0 ;1 1 1 1.0014017460680503e-18 1 ;0 3 0 2.0432796145490412e-19 1 ;0 2 1 5.655630404422463e-20 1 ;
1 1 1 ;1 1 0 1.2402789449133995e-22 2 ;1 0 1 9.305065800596081e-22 2 ;0 1 1 5.864380323474519e-20 2 ;2 1 0 0.08668870876492231 0 ;2 0 1 0.7900547975296287 0 ;1 2 0 0.051862672493374944 0 ;2 0 0 5376680000000.0 0 ;1 0 2 7.156915443078803e-20 1 ;0 2 1 2.298897201171073e-19 1 ;0 1 2 4.9051881569614043e-20 1 ;
1 0 2 ;1 0 1 3.4249497042360424e-22 2 ;0 0 2 5.931269900937154e-20 2 ;2 0 1 0.1716258606612055 0 ;1 1 1 0.06317312777645921 0 ;2 0 0 502111000000.0 0 ;1 1 0 367973000000000.0 0 ;0 1 2 3.350124231636728e-19 1 ;0 0 3 5.3825067004753166e-20 1 ;
0 3 0 ;0 2 0 5.6337874309095e-21 2 ;1 2 0 3.3575223542527475 0 ;1 1 0 391141000000000.0 0 ;0 2 1 1.1410925514477813e-18 1 ;
0 2 1 ;0 2 0 1.314451552571922e-22 2 ;0 1 1 1.9709700925584018e-21 2 ;1 2 0 0.1340725889564509 0 ;1 1 1 2.2114332167127486 0 ;0 3 0 0.04053138939416345 0 ;1 1 0 27058700000000.0 0 ;1 0 1 121496000000000.0 0 ;0 1 2 4.747208995905019e-19 1 ;
0 1 2 ;0 1 1 3.683351462405465e-22 2 ;0 0 2 1.3751022439118241e-21 2 ;1 1 1 0.2606386241112822 0 ;1 0 2 1.199022673671072 0 ;0 2 1 0.08237158827268444 0 ;1 1 0 1302300000000.0 0 ;1 0 1 24696700000000.0 0 ;0 2 0 129447000000000.0 0 ;0 0 3 1.5618024846180588e-19 1 ;
0 0 3 ;0 0 2 7.527406615690382e-22 2 ;1 0 2 0.4114787637641743 0 ;0 1 2 0.12532669880509592 0 ;1 0 1 3435960000000.0 0 ;0 1 1 485795000000000.0 0 ;
2 2 0 ;2 1 0 1.851487897178282e-21 2 ;1 2 0 1.2281580781190113e-19 2 ;2 1 1 1.5095786500943486e-18 1 ;1 3 0 7.35468980219995e-19 1 ;1 2 1 1.8194699127034624e-19 1 ;
2 1 1 ;2 1 0 6.048928028917068e-23 2 ;2 0 1 9.270306157678337e-22 2 ;1 1 1 1.222936724647013e-19 2 ;2 2 0 0.05315501378249468 0 ;2 0 2 5.280273802664183e-19 1 ;1 2 1 8.580471435899944e-19 1 ;1 1 2 1.1372355509011849e-19 1 ;
2 0 2 ;2 0 1 1.8214079487073692e-22 2 ;1 0 2 1.195225094346782e-19 2 ;2 1 1 0.12340403233172617 0 ;2 1 0 252427000000000.0 0 ;1 1 2 6.989170083326242e-19 1 ;1 0 3 9.946596525652488e-20 1 ;
1 3 0 ;1 2 0 3.258553807549633e-21 2 ;0 3 0 5.986234567419105e-20 2 ;2 2 0 2.286361581354846 0 ;2 1 0 82532600000000.0 0 ;1 2 1 1.9854952905384837e-18 1 ;0 4 0 1.7635705003833616e-19 1 ;0 3 1 4.539232552259275e-20 1 ;
1 2 1 ;1 2 0 6.506119193007315e-23 2 ;1 1 1 1.8556162948430452e-21 2 ;0 2 1 5.942932334095995e-20 2 ;2 2 0 0.07881525890048525 0 ;2 1 1 1.5217520561250906 0 ;1 3 0 0.039411273865369405 0 ;2 1 0 5812940000000.0 0 ;2 0 1 26318300000000.0 0 ;1 1 2 9.214532167173378e-20 1 ;0 3 1 2.056933443606785e-19 1 ;0 2 2 3.9461922116493996e-20 1 ;
1 1 2 ;1 0 2 9.273788004438643e-22 2 ;0 1 2 6.050532520766425e-20 2 ;2 1 1 0.1373682044489752 0 ;2 0 2 0.7105634864116289 0 ;1 2 1 0.038556907903167174 0 ;2 1 0 288409000000.0 0 ;2 0 1 4847960000000.0 0 ;1 2 0 118677000000000.0 0 ;1 0 3 4.2500517568490515e-19 1 ;0 2 2 3.4481396395404656e-19 1 ;0 1 3 4.79509753354068e-20 1 ;
1 0 3 ;1 0 2 4.1951483676990786e-22 2 ;0 0 3 5.972819332319219e-20 2 ;2 0 2 0.18918421368254562 0 ;1 1 2 0.14145239548015967 0 ;2 0 1 546045000000.0 0 ;1 1 1 54593700000000.0 0 ;0 1 3 3.450919884283889e-19 1 ;0 0 4 3.792124242350711e-20 1 ;
0 4 0 ;0 3 0 6.196095142205737e-21 2 ;1 3 0 4.529378091041405 0 ;1 2 0 481177000000000.0 0 ;0 3 1 2.040204852353984e-18 1 ;
0 3 1 ;0 3 0 6.969121542644128e-23 2 ;0 2 1 2.7851901785964507e-21 2 ;1 3 0 0.10065416146791459 0 ;1 2 1 3.3649559943155767 0 ;0 4 0 0.030088691548078257 0 ;1 2 0 25581500000000.0 0 ;1 1 1 190666000000000.0 0 ;0 2 2 8.60588240162691e-19 1 ;
0 2 2 ;0 2 1 2.0704042799841182e-22 2 ;0 1 2 1.8582997779749493e-21 2 ;1 2 1 0.1958261960267351 0 ;1 1 2 2.531421385949456 0 ;0 3 1 0.060754090362237424 0 ;1 2 0 855112000000.0 0 ;1 1 1 26381100000000.0 0 ;1 0 2 104117000000000.0 0 ;0 3 0 111387000000000.0 0 ;0 1 3 3.495745440422558e-19 1 ;
0 1 3 ;0 1 2 4.443649229191604e-22 2 ;0 0 3 1.1120994148181643e-21 2 ;1 1 2 0.31984704682794307 0 ;1 0 3 1.2109300124068447 0 ;0 2 2 0.09197492574397674 0 ;1 1 1 1904630000000.0 0 ;1 0 2 31079900000000.0 0 ;0 2 1 121594000000000.0 0 ;0 0 4 1.1279134845220707e-19 1 ;
0 0 4 ;0 0 3 8.21728186731233e-22 2 ;1 0 3 0.4029488009492258 0 ;0 1 3 0.12374676340200164 0 ;1 0 2 5538050000000.0 0 ;0 1 2 407690000000000.0 0 ;
2 3 0 ;2 2 0 2.1872115351484686e-21 2 ;1 3 0 1.2433176088418943e-19 2 ;2 2 1 2.2643679751415225e-18 1 ;1 4 0 5.369995599129912e-19 1 ;1 3 1 1.1211678568098498e-19 1 ;
2 2 1 ;2 2 0 2.731226241554073e-23 2 ;2 1 1 1.463113568448172e-21 2 ;1 2 1 1.2370690282544654e-19 2 ;2 3 0 0.024502385569925674 0 ;2 1 2 1.0247499115637736e-18 1 ;1 3 1 6.349065853945279e-19 1 ;1 2 2 8.61683845082769e-20 1 ;
2 1 2 ;2 1 1 9.008053830482741e-23 2 ;2 0 2 7.334312175189845e-22 2 ;1 1 2 1.2007722306879632e-19 2 ;2 2 1 0.06201558858902526 0 ;2 2 0 160601000000000.0 0 ;2 0 3 2.190243822914321e-19 1 ;1 2 2 7.686304672041576e-19 1 ;1 1 3 7.18329242604713e-20 1 ;
2 0 3 ;2 0 2 2.091123057617e-22 2 ;1 0 3 1.2044906292551176e-19 2 ;2 1 2 0.09359835488445996 0 ;2 1 1 398846000000000.0 0 ;1 1 3 6.265175503021899e-19 1 ;1 0 4 6.494793089013696e-20 1 ;
1 4 0 ;1 3 0 3.458084645500032e-21 2 ;0 4 0 6.068181166679536e-20 2 ;2 3 0 2.6152175548998655 0 ;2 2 0 155452000000000.0 0 ;1 3 1 3.0191573001886972e-18 1 ;0 5 0 1.2894091839509643e-19 1 ;0 4 1 3.408485809852487e-20 1 ;
1 3 1 ;1 3 0 2.979234651727786e-23 2 ;1 2 1 2.1956600185144672e-21 2 ;0 3 1 6.029578612438873e-20 2 ;2 3 0 0.045413974934732426 0 ;2 2 1 1.95172505148952 0 ;1 4 0 0.022745833491514645 0 ;2 2 0 7566910000000.0 0 ;2 1 1 61808900000000.0 0 ;1 2 2 3.858037248026362e-19 1 ;0 4 1 1.5792850405470431e-19 1 ;0 3 2 2.971339446741429e-20 1 ;
1 2 2 ;1 2 1 9.517899968417666e-23 2 ;1 1 2 1.4725965086267908e-21 2 ;0 2 2 6.040172185257666e-20 2 ;2 2 1 0.08479848649862062 0 ;2 1 2 1.5087688533583519 0 ;1 3 1 0.03091837712046899 0 ;2 2 0 215015000000.0 0 ;2 1 1 6919060000000.0 0 ;2 0 2 14662100000000.0 0 ;1 3 0 196997000000000.0 0 ;1 1 3 7.801095793990376e-20 1 ;0 3 2 2.1042447270372432e-19 1 ;0 2 3 2.890146875675015e-20 1 ;
1 1 3 ;1 1 2 2.237486552124881e-22 2 ;1 0 3 7.3266937580695895e-22 2 ;0 1 3 6.103767587361899e-20 2 ;2 1 2 0.13991119833802035 0 ;2 0 3 0.6341510253592629 0 ;1 2 2 0.037095507201150665 0 ;2 1 1 294867000000.0 0 ;2 0 2 4297520000000.0 0 ;1 2 1 10778600000000.0 0 ;1 0 4 2.4648283334215714e-19 1 ;0 2 3 3.1719058313040655e-19 1 ;0 1 4 3.1811654599834334e-20 1 ;
1 0 4 ;1 0 3 4.404492838635832e-22 2 ;0 0 4 6.025848602762262e-20 2 ;2 0 3 0.1734117078303013 0 ;1 1 3 0.10677851169618945 0 ;2 0 2 738136000000.0 0 ;1 1 2 1258700000000000.0 0 ;0 1 4 3.145894049975766e-19 1 ;0 0 5 2.4808736441865822e-20 1 ;
0 5 0 ;0 4 0 6.301857339406251e-21 2 ;1 4 0 5.085615611899177 0 ;1 3 0 756285000000000.0 0 ;0 4 1 2.985829705361813e-18 1 ;
0 4 1 ;0 4 0 3.240073738768494e-23 2 ;0 3 1 2.930756020182828e-21 2 ;1 4 0 0.07095263374713208 0 ;1 3 1 4.040969272385971 0 ;0 5 0 0.016856976317602506 0 ;1 3 0 29617400000000.0 0 ;1 2 1 294655000000000.0 0 ;0 3 2 1.1474458819144264e-18 1 ;
0 3 2 ;0 3 1 1.0447238589962244e-22 2 ;0 2 2 2.2023119781558297e-21 2 ;1 3 1 0.13816645406852548 0 ;1 2 2 3.138316409733808 0 ;0 4 1 0.033639598691310016 0 ;1 3 0 638602000000.0 0 ;1 2 1 28187000000000.0 0 ;1 1 2 290922000000000.0 0 ;0 4 0 155968000000000.0 0 ;0 2 3 4.70570559662078e-19 1 ;
0 2 3 ;0 2 2 2.3966631233084696e-22 2 ;0 1 3 1.470247080296762e-21 2 ;1 2 2 0.20953626381973786 0 ;1 1 3 2.2787560415323305 0 ;0 3 2 0.050525457404574696 0 ;1 2 1 1156990000000.0 0 ;1 1 2 53353100000000.0 0 ;1 0 3 97211200000000.0 0 ;0 3 1 145940000000000.0 0 ;0 1 4 1.8706334844012911e-19 1 ;
0 1 4 ;0 1 3 4.683152166131002e-22 2 ;0 0 4 8.870100185674009e-22 2 ;1 1 3 0.29473408393830447 0 ;1 0 4 1.0867881864446558 0 ;0 2 3 0.0675915191762755 0 ;1 1 2 3961800000000.0 0 ;1 0 3 35166700000000.0 0 ;0 2 2 173654000000000.0 0 ;0 0 5 5.929260678386421e-20 1 ;
0 0 5 ;0 0 4 8.284876936895419e-22 2 ;1 0 4 0.3470050877432154 0 ;0 1 4 0.08487805345131977 0 ;1 0 3 6297150000000.0 0 ;0 1 3 479823000000000.0 0 ;
2 4 0 ;2 3 0 2.2576977198045033e-21 2 ;1 4 0 1.254307228414261e-19 2 ;2 3 1 3.0191573001886972e-18 1 ;1 5 0 3.678664339283295e-19 1 ;1 4 1 7.287775437188746e-20 1 ;
2 3 1 ;2 3 0 1.0086210418107425e-23 2 ;2 2 1 1.7004474789589605e-21 2 ;1 3 1 1.2483817197452782e-19 2 ;2 4 0 0.010395866119019277 0 ;2 2 2 1.5455215598917406e-18 1 ;1 4 1 4.544840164538383e-19 1 ;1 3 2 5.927752749034055e-20 1 ;
2 2 2 ;2 2 1 3.7910309102975857e-23 2 ;2 1 2 1.1375029697130682e-21 2 ;1 2 2 1.2321232781587394e-19 2 ;2 3 1 0.03185536546379614 0 ;2 3 0 221293000000000.0 0 ;2 1 3 4.698578274291242e-19 1 ;1 3 2 5.213347656954911e-19 1 ;1 2 3 5.0855153022477646e-20 1 ;
2 1 3 ;2 1 2 9.773352636808525e-23 2 ;2 0 3 5.7122128288301735e-22 2 ;1 1 3 1.2049363878521828e-19 2 ;2 2 2 0.04536125709505882 0 ;2 2 1 232792000000000.0 0 ;2 0 4 9.650488679779837e-20 1 ;1 2 3 6.833040491866115e-19 1 ;1 1 4 4.2050966130316647e-20 1 ;
2 0 4 ;2 0 3 2.0947583171264086e-22 2 ;1 0 4 1.210240407584368e-19 2 ;2 1 3 0.06013138396044224 0 ;2 1 2 284961000000000.0 0 ;1 1 4 5.570750474861594e-19 1 ;1 0 5 3.833816132803996e-20 1 ;
1 5 0 ;1 4 0 3.385857774938458e-21 2 ;0 5 0 6.128268643719231e-20 2 ;2 4 0 2.7602979208778087 0 ;2 3 0 212789000000000.0 0 ;1 4 1 3.773946625235871e-18 1 ;0 6 0 8.693036005914391e-20 1 ;0 5 1 2.324496658067085e-20 1 ;
1 4 1 ;1 4 0 1.1266306203376146e-23 2 ;1 3 1 2.269951951170767e-21 2 ;0 4 1 6.093481124542899e-20 2 ;2 4 0 0.02773052061188622 0 ;2 3 1 2.19962902293645 0 ;1 5 0 0.009358863524819381 0 ;2 3 0 7859600000000.0 0 ;2 2 1 76639900000000.0 0 ;1 3 2 7.151154681724845e-19 1 ;0 5 1 1.1451839878858786e-19 1 ;0 4 2 2.0327947932708768e-20 1 ;
1 3 2 ;1 3 1 4.107343538428537e-23 2 ;1 2 2 1.7120735568885797e-21 2 ;0 3 2 6.083355763387148e-20 2 ;2 3 1 0.05276690338056154 0 ;2 2 2 1.6836151002237227 0 ;1 4 1 0.017820686466737484 0 ;2 3 0 148496000000.0 0 ;2 2 1 6619890000000.0 0 ;2 1 2 39009100000000.0 0 ;1 4 0 241805000000000.0 0 ;1 2 3 3.0016511828635827e-19 1 ;0 4 2 1.505714581128913e-19 1 ;0 3 3 1.8796928412135473e-20 1 ;
1 2 3 ;1 2 2 1.0609058669749847e-22 2 ;1 1 3 1.1481205366042313e-21 2 ;0 2 3 6.070091110798445e-20 2 ;2 2 2 0.07950681921433965 0 ;2 1 3 1.3364312222240955 0 ;1 3 2 0.026974059021505088 0 ;2 2 1 207229000000.0 0 ;2 1 2 6434090000000.0 0 ;2 0 3 11596500000000.0 0 ;1 3 1 40851300000000.0 0 ;1 1 4 3.495462703668989e-20 1 ;0 3 3 1.8816955598846576e-19 1 ;0 2 4 1.7168246904600406e-20 1 ;
1 1 4 ;1 1 3 2.2528799830730233e-22 2 ;1 0 4 5.699761392771793e-22 2 ;0 1 4 6.138139351253575e-20 2 ;2 1 3 0.11644149671869307 0 ;2 0 4 0.5617527937921725 0 ;1 2 3 0.023965547987486187 0 ;2 1 2 341622000000.0 0 ;2 0 3 4207380000000.0 0 ;1 2 2 19986600000000.0 0 ;1 0 5 1.2195967672156816e-19 1 ;0 2 4 2.8721813111253515e-19 1 ;0 1 5 1.8991192123233146e-20 1 ;
1 0 5 ;1 0 4 4.274386518640021e-22 2 ;0 0 5 6.059958418517638e-20 2 ;2 0 4 0.13587909303538473 0 ;1 1 4 0.06694569465895649 0 ;2 0 3 759284000000.0 0 ;1 1 3 1196670000000000.0 0 ;0 1 5 2.830925306500485e-19 1 ;0 0 6 1.4633629715839685e-20 1 ;
0 6 0 ;0 5 0 6.068713146038676e-21 2 ;1 5 0 5.425628843296684 0 ;1 4 0 935596000000000.0 0 ;0 5 1 4.528735950283045e-18 1 ;
0 5 1 ;0 5 0 1.2539470671760808e-23 2 ;0 4 1 2.840997494676715e-21 2 ;1 5 0 0.04560882260669346 0 ;1 4 1 4.503239229256534 0 ;0 6 0 0.00799607584092908 0 ;1 4 0 28940100000000.0 0 ;1 3 1 314768000000000.0 0 ;0 4 2 1.5119583511035499e-18 1 ;
0 4 2 ;0 4 1 4.5647098339641283e-23 2 ;0 3 2 2.280399465018994e-21 2 ;1 4 1 0.08890802862644114 0 ;1 3 2 3.663832134292181 0 ;0 5 1 0.016973694488699585 0 ;1 4 0 442773000000.0 0 ;1 3 1 22847900000000.0 0 ;1 2 2 274767000000000.0 0 ;0 5 0 182015000000000.0 0 ;0 3 3 5.614456864684054e-19 1 ;
0 3 3 ;0 3 2 1.1506650558729228e-22 2 ;0 2 3 1.7144846394255455e-21 2 ;1 3 2 0.13257750163464432 0 ;1 2 3 2.7853019130741936 0 ;0 4 2 0.02514469025546312 0 ;1 3 1 619012000000.0 0 ;1 2 2 36459800000000.0 0 ;1 1 3 238641000000000.0 0 ;0 4 1 116237000000000.0 0 ;0 2 4 2.2476511645867863e-19 1 ;
0 2 4 ;0 2 3 2.4247287080780445e-22 2 ;0 1 4 1.1452118325187118e-21 2 ;1 2 3 0.17523928949667278 0 ;1 1 4 2.0308739244164467 0 ;0 3 3 0.03334499093144448 0 ;1 2 2 1636840000000.0 0 ;1 1 3 54570400000000.0 0 ;1 0 4 79663900000000.0 0 ;0 3 2 151443000000000.0 0 ;0 1 5 8.7688919207572e-20 1 ;
0 1 5 ;0 1 4 4.562664921467457e-22 2 ;0 0 5 6.969401930701167e-22 2 ;1 1 4 0.23181309025326907 0 ;1 0 5 0.9665643164555082 0 ;0 2 4 0.04162098335750817 0 ;1 1 3 4170870000000.0 0 ;1 0 4 33766000000000.0 0 ;0 2 3 148590000000000.0 0 ;0 0 6 2.7357726082266276e-20 1 ;
0 0 6 ;0 0 5 7.92466644321861e-22 2 ;1 0 5 0.2614066870409276 0 ;0 1 5 0.04999513969193946 0 ;1 0 4 5956910000000.0 0 ;0 1 4 366923000000000.0 0 ;
2 5 0 ;2 4 0 2.146024220619616e-21 2 ;1 5 0 1.2614711189479698e-19 2 ;2 4 1 3.773946625235871e-18 1 ;1 6 0 3.5198487486642704e-19 1 ;1 5 1 6.164509438053456e-20 1 ;
2 4 1 ;2 4 0 2.6716263181409107e-24 2 ;2 3 1 1.7245330378907613e-21 2 ;1 4 1 1.2572417193045814e-19 2 ;2 5 0 0.00412508211680508 0 ;2 3 2 2.2156547886412874e-18 1 ;1 5 1 4.749164591783868e-19 1 ;1 4 2 3.496735019060047e-20 1 ;
2 3 2 ;2 3 1 1.2487409602328496e-23 2 ;2 2 2 1.2972437653657502e-21 2 ;1 3 2 1.247984863431685e-19 2 ;2 4 1 0.019280964691950956 0 ;2 4 0 255005000000000.0 0 ;2 2 3 1.067662282336629e-18 1 ;1 3 3 3.1415234109935203e-20 1 ;1 4 2 2.583778041787442e-19 1 ;
2 2 3 ;2 2 2 3.813471307382554e-23 2 ;2 1 3 8.704054874439711e-22 2 ;1 2 3 1.2341597998255271e-19 2 ;2 3 2 0.023965126303737483 0 ;2 3 1 249850000000000.0 0 ;2 1 4 1.8497227453352891e-19 1 ;1 3 3 4.591668439348162e-19 1 ;1 2 4 2.5830947612996516e-20 1 ;
2 1 4 ;2 1 3 9.223172421300505e-23 2 ;2 0 4 4.37382577444742e-22 2 ;1 1 4 1.2066096383223334e-19 2 ;2 2 3 0.02518199697650453 0 ;2 2 2 190824000000000.0 0 ;2 0 5 3.6034799242302117e-20 1 ;1 2 4 6.019595071151547e-19 1 ;1 1 5 2.1150005043709105e-20 1 ;
2 0 5 ;2 0 4 1.9310576644286615e-22 2 ;1 0 5 1.2129773998545342e-19 2 ;2 1 4 0.030794238273284657 0 ;2 1 3 189352000000000.0 0 ;1 1 5 4.908604559400357e-19 1 ;1 0 6 1.9326235176211788e-20 1 ;
1 6 0 ;1 5 0 3.1290488932523467e-21 2 ;0 6 0 6.169610638580709e-20 2 ;2 5 0 4.197249436874057 0 ;2 4 0 254553000000000.0 0 ;1 5 1 4.528735950283045e-18 1 ;0 7 0 5.118513037528819e-20 1 ;0 6 1 1.3599520039662984e-20 1 ;
1 5 1 ;1 5 0 3.1226511327251934e-24 2 ;1 4 1 2.160335629938907e-21 2 ;0 5 1 6.138378473319766e-20 2 ;2 5 0 0.022147519066186883 0 ;2 4 1 3.5115770966932254 0 ;1 6 0 0.002579124028597967 0 ;2 4 0 7335440000000.0 0 ;2 3 1 72789100000000.0 0 ;1 4 2 4.6376367231991695e-20 1 ;0 6 1 7.649937657113831e-20 1 ;0 5 2 1.1935732051893164e-20 1 ;
1 3 3 ;1 3 2 4.230041046692846e-23 2 ;1 2 3 1.3104205472716288e-21 2 ;0 3 3 6.096431716667593e-20 2 ;2 3 2 0.043287053486409655 0 ;2 2 3 1.4786936861072575 0 ;2 3 1 98638900000.0 0 ;2 2 2 6352020000000.0 0 ;2 1 3 29840500000000.0 0 ;1 4 1 47614700000000.0 0 ;1 2 4 1.1815215510684601e-19 1 ;0 4 3 1.3285682243201979e-19 1 ;0 3 4 9.578390807619876e-21 1 ;
1 4 2 ;0 4 2 6.273072775105928e-20 2 ;2 4 1 0.03737245167683244 0 ;2 3 2 1.6695981174001266 0 ;1 5 1 0.0029563888977983317 0 ;2 4 0 92104500000.0 0 ;2 3 1 4832880000000.0 0 ;2 2 2 51679400000000.0 0 ;1 5 0 255722000000000.0 0 ;0 5 2 1.641369319351454e-19 1 ;0 4 3 1.62305033385983e-20 1 ;
1 2 4 ;1 2 3 1.0085652637668889e-22 2 ;1 1 4 8.795485158444354e-22 2 ;0 2 4 6.084841194619779e-20 2 ;2 2 3 0.057235837736582 0 ;2 1 4 1.173851658881213 0 ;1 3 3 0.014973844895422805 0 ;2 2 2 219107000000.0 0 ;2 1 3 6167240000000.0 0 ;2 0 4 9016150000000.0 0 ;1 3 2 68021900000000.0 0 ;1 1 5 1.3258704444632321e-20 1 ;0 3 4 1.6634463475259255e-19 1 ;0 2 5 8.712756894475793e-21 1 ;
1 1 5 ;1 1 4 2.0888568432541028e-22 2 ;1 0 5 4.360750255432022e-22 2 ;0 1 5 6.156072017000427e-20 2 ;2 1 4 0.07844502120487676 0 ;2 0 5 0.49344773258696983 0 ;1 2 4 0.01233751108581383 0 ;2 1 3 305432000000.0 0 ;2 0 4 3767490000000.0 0 ;1 2 3 13620200000000.0 0 ;1 0 6 4.8423381327827456e-20 1 ;0 2 5 2.5593095319057036e-19 1 ;0 1 6 9.64074604247979e-21 1 ;
1 0 6 ;1 0 5 3.923449708323897e-22 2 ;0 0 6 6.078112478077353e-20 2 ;2 0 5 0.08809384084301075 0 ;1 1 5 0.0336503416465218 0 ;2 0 4 631474000000.0 0 ;1 1 4 855812000000000.0 0 ;0 1 6 2.5134826164314795e-19 1 ;0 0 7 7.352392566077207e-21 1 ;
0 7 0 ;0 6 0 5.600980173977546e-21 2 ;1 6 0 5.56461938617112 0 ;1 5 0 1052290000000000.0 0 ;0 6 1 5.28352527533022e-18 1 ;
0 6 1 ;0 6 0 3.615780974694809e-24 2 ;0 5 1 2.5953974505655547e-21 2 ;1 6 0 0.02526319059863929 0 ;1 5 1 4.763919642238725 0 ;0 7 0 0.0018359780628466106 0 ;1 5 0 26093600000000.0 0 ;1 4 1 272211000000000.0 0 ;0 5 2 2.123223431620527e-18 1 ;
0 5 2 ;0 5 1 1.6066257941093007e-23 2 ;0 4 2 2.1732350833866385e-21 2 ;1 5 1 0.04930620494382411 0 ;1 4 2 4.652150658791959 0 ;0 6 1 0.007458885607900276 0 ;1 5 0 276436000000.0 0 ;1 4 1 15435100000000.0 0 ;1 3 2 259979000000000.0 0 ;0 6 0 228290000000000.0 0 ;0 4 3 6.22133952552072e-19 1 ;
0 4 3 ;0 4 2 4.681550091306643e-23 2 ;0 3 3 1.7448360824699073e-21 2 ;1 3 3 3.219830921151707 0 ;1 4 2 0.0836113054879938 0 ;0 5 2 0.010744105042948328 0 ;1 4 1 275453000000.0 0 ;1 3 2 26013500000000.0 0 ;1 2 3 212446000000000.0 0 ;0 5 1 86150300000000.0 0 ;0 3 4 2.249100190448825e-19 1 ;
0 3 4 ;0 3 3 1.1013361072608668e-22 2 ;0 2 4 1.3122249405781377e-21 2 ;1 3 3 0.09554269337009184 0 ;1 2 4 2.4492896012317855 0 ;0 4 3 0.014040136166072926 0 ;1 3 2 720586000000.0 0 ;1 2 3 34794900000000.0 0 ;1 1 4 190538000000000.0 0 ;0 4 2 104652000000000.0 0 ;0 2 5 8.832024681689429e-20 1 ;
0 2 5 ;0 2 4 2.2593471469531277e-22 2 ;0 1 5 8.766099855603199e-22 2 ;1 2 4 0.11840946105893392 0 ;1 1 5 1.7906302431758672 0 ;0 3 4 0.017369182831381193 0 ;1 2 3 1496530000000.0 0 ;1 1 4 50752800000000.0 0 ;1 0 5 63874700000000.0 0 ;0 3 3 112691000000000.0 0 ;0 1 6 3.392511183275868e-20 1 ;
0 1 6 ;0 1 5 4.2067214852907275e-22 2 ;0 0 6 5.387131998717288e-22 2 ;1 1 5 0.15064209117520133 0 ;1 0 6 0.8511981137812794 0 ;0 2 5 0.020740521943039037 0 ;1 1 4 3529410000000.0 0 ;1 0 5 30355300000000.0 0 ;0 2 4 99095500000000.0 0 ;0 0 7 1.0439866134346886e-20 1 ;
0 0 7 ;0 0 6 7.280021005630126e-22 2 ;1 0 6 0.16491195858959748 0 ;0 1 6 0.024159252134703324 0 ;1 0 5 4720440000000.0 0 ;0 1 5 227900000000000.0 0 ;
2 6 0 ;2 5 0 1.9064123829733925e-21 2 ;1 6 0 1.269338968712585e-19 2 ;2 5 1 4.528735950283045e-18 1 ;1 7 0 1.8507358853689094e-19 1 ;1 6 1 2.4624015096201088e-20 1 ;
2 5 1 ;2 5 0 3.659809606056926e-25 2 ;2 4 1 1.6044955277428941e-21 2 ;1 5 1 1.264990869376599e-19 2 ;2 6 0 0.00045861692047091814 0 ;2 4 2 3.4573992682198332e-18 1 ;1 6 1 2.8005782282841355e-19 1 ;1 5 2 1.5449325249884734e-20 1 ;
2 4 2 ;2 4 1 2.7205024502795725e-24 2 ;2 3 2 1.2930472930409169e-21 2 ;1 4 2 1.227498819213961e-19 2 ;2 5 1 0.007093083985845921 0 ;2 5 0 268504000000000.0 0 ;2 3 3 6.076177763959438e-19 1 ;1 5 2 2.9005374513686564e-19 1 ;1 4 3 1.3386878439583362e-20 1 ;
2 3 3 ;2 3 2 1.0969926691605963e-23 2 ;2 2 3 9.69623063011758e-22 2 ;1 3 3 1.252015164967842e-19 2 ;2 4 2 0.008730776908468511 0 ;2 4 1 93571000000000.0 0 ;2 2 4 3.346554680122926e-19 1 ;1 3 4 1.2083462005632693e-20 1 ;1 4 3 2.251939338682575e-19 1 ;
2 2 4 ;2 2 3 3.2390742618876434e-23 2 ;2 1 4 6.516266937719268e-22 2 ;1 2 4 1.237991820555407e-19 2 ;2 3 3 0.010098653949851856 0 ;2 3 2 355813000000000.0 0 ;2 1 5 5.2150205160801914e-20 1 ;1 3 4 4.0029633956263354e-19 1 ;1 2 5 9.824324660432187e-21 1 ;
2 1 5 ;2 1 4 7.839731126241973e-23 2 ;2 0 5 3.2778922813655453e-22 2 ;1 1 5 1.2103634654846605e-19 2 ;2 2 4 0.009617235003146485 0 ;2 2 3 111072000000000.0 0 ;2 0 6 9.904692582634026e-21 1 ;1 2 5 5.249066733489062e-19 1 ;1 1 6 7.980574729016032e-21 1 ;
2 0 6 ;2 0 5 1.655497202750125e-22 2 ;1 0 6 1.2173610303212775e-19 2 ;2 1 5 0.01121409363542775 0 ;2 1 4 95248100000000.0 0 ;1 1 6 4.281247045326108e-19 1 ;1 0 7 7.267618662798927e-21 1 ;
1 7 0 ;1 6 0 2.7417932974342494e-21 2 ;0 7 0 6.214742408177473e-20 2 ;2 6 0 3.8641485893403194 0 ;2 5 0 275324000000000.0 0 ;1 6 1 5.28352527533022e-18 1 ;0 8 0 2.2181876387253382e-20 1 ;0 7 1 5.962717860892023e-21 1 ;
1 6 1 ;1 6 0 4.679581766269798e-25 2 ;1 5 1 1.9246237042321538e-21 2 ;0 6 1 6.18719241494605e-20 2 ;2 6 0 0.008400096268760565 0 ;2 5 1 3.321841062046884 0 ;1 7 0 0.00021207789217854908 0 ;2 5 0 6281890000000.0 0 ;2 4 1 53986700000000.0 0 ;1 5 2 5.086740494846562e-20 1 ;0 7 1 4.457886832118012e-20 1 ;0 6 2 5.2542738020339476e-21 1 ;
1 5 2 ;1 4 2 1.6298205856535868e-21 2 ;0 5 2 6.278695070687342e-20 2 ;2 5 1 0.01465907689442807 0 ;2 4 2 2.7131202244823998 0 ;1 6 1 0.0009798396463753603 0 ;2 5 0 48389100000.0 0 ;2 4 1 2621360000000.0 0 ;2 3 2 28719400000000.0 0 ;1 6 0 290774000000000.0 0 ;1 4 3 1.2192551269717864e-19 1 ;0 6 2 9.449168330541017e-20 1 ;0 5 3 6.371531645155908e-21 1 ;
1 3 4 ;1 3 3 3.637240156341649e-23 2 ;1 2 4 9.81671206138586e-22 2 ;0 3 4 6.117775959560546e-20 2 ;2 3 3 0.023548960540867612 0 ;2 2 4 1.2863726804654243 0 ;2 3 2 90392000000.0 0 ;2 2 3 5718680000000.0 0 ;2 1 4 22331700000000.0 0 ;1 2 5 3.3517735293658775e-20 1 ;0 4 4 1.1589049669225953e-19 1 ;0 3 5 3.648329041765011e-21 1 ;
1 4 3 ;1 4 2 1.2630668030304214e-23 2 ;0 4 3 6.293478105218536e-20 2 ;2 4 2 0.02280721997008427 0 ;2 3 3 1.4523287954665747 0 ;1 5 2 0.0028438722307576863 0 ;2 4 1 19876900000.0 0 ;2 3 2 2955600000000.0 0 ;2 2 3 37747300000000.0 0 ;1 5 1 578844000000.0 0 ;0 5 3 1.4397897947551968e-19 1 ;0 4 4 6.249530735991109e-21 1 ;
1 2 5 ;1 2 4 8.650003877135714e-23 2 ;1 1 5 6.598455089419796e-22 2 ;0 2 5 6.107536639094065e-20 2 ;2 2 4 0.029125042499446745 0 ;2 1 5 1.0212545039323844 0 ;1 3 4 0.005730431411278186 0 ;2 2 3 164134000000.0 0 ;2 1 4 5431390000000.0 0 ;2 0 5 6875740000000.0 0 ;1 3 3 39759100000000.0 0 ;1 1 6 3.702732305430812e-21 1 ;0 3 5 1.4524304837793206e-19 1 ;0 2 6 3.3004332471970676e-21 1 ;
1 1 6 ;1 1 5 1.8033045921186063e-22 2 ;1 0 6 3.2647160883223687e-22 2 ;0 1 6 6.18039693765436e-20 2 ;2 1 5 0.038285043087874296 0 ;2 0 6 0.4293350358424831 0 ;1 2 5 0.004516739628429042 0 ;2 1 4 209410000000.0 0 ;2 0 5 3167330000000.0 0 ;1 2 4 7019650000000.0 0 ;1 0 7 1.3448373683484506e-20 1 ;0 2 6 2.2431744993219527e-19 1 ;0 1 7 3.636807519057095e-21 1 ;
1 0 7 ;1 0 6 3.415849600157485e-22 2 ;0 0 7 6.103638876447052e-20 2 ;2 0 6 0.04183497168816962 0 ;1 1 6 0.011978742361869637 0 ;2 0 5 415729000000.0 0 ;1 1 5 448458000000000.0 0 ;0 1 7 2.2004341267408515e-19 1 ;0 0 8 2.748660691910124e-21 1 ;
0 8 0 ;0 7 0 4.95743264628577e-21 2 ;1 7 0 5.5216800196462135 0 ;1 6 0 1095820000000000.0 0 ;0 7 1 6.0383146003773944e-18 1 ;
0 7 1 ;0 7 0 5.89157892685496e-25 2 ;0 6 1 2.2469696489075336e-21 2 ;1 7 0 0.010538465563218545 0 ;1 6 1 4.839301150209959 0 ;0 8 0 8.094191031983786e-05 0 ;1 6 0 21935700000000.0 0 ;1 5 1 187304000000000.0 0 ;0 6 2 3.757347621661789e-18 1 ;
0 6 2 ;0 6 1 3.8634839431815115e-24 2 ;0 5 2 1.9405869847803405e-21 2 ;1 6 1 0.02059542072503337 0 ;1 5 2 4.654685392593476 0 ;0 7 1 0.0026016119871059033 0 ;1 6 0 146642000000.0 0 ;1 5 1 8434820000000.0 0 ;1 4 2 370731000000000.0 0 ;0 7 0 238216000000000.0 0 ;0 5 3 6.352753212439735e-19 1 ;
0 5 3 ;0 5 2 1.449033496109926e-23 2 ;0 4 3 1.626227485944014e-21 2 ;1 5 2 0.03361622566453133 0 ;1 4 3 4.055413631975409 0 ;0 6 2 0.0034770490393190743 0 ;1 5 1 91360200000.0 0 ;1 3 3 191181000000000.0 0 ;1 4 2 28573200000000.0 0 ;0 6 1 62176400000000.0 0 ;0 4 4 1.8093031702730624e-19 1 ;
0 4 4 ;0 4 3 4.071795486451389e-23 2 ;0 3 4 1.306499002887868e-21 2 ;1 3 4 2.801580719049356 0 ;1 4 3 0.04550200658609366 0 ;0 5 3 0.00441577482158891 0 ;1 3 3 23448700000000.0 0 ;1 4 2 438561000000.0 0 ;1 2 4 160258000000000.0 0 ;0 5 2 62203000000000.0 0 ;0 3 5 6.423095760587958e-20 1 ;
0 3 5 ;0 3 4 9.526380373487627e-23 2 ;0 2 5 9.83014372006359e-22 2 ;1 3 4 0.0486419808248327 0 ;1 2 5 2.131840196672118 0 ;0 4 4 0.005385153648109211 0 ;1 3 3 544488000000.0 0 ;1 2 4 30335700000000.0 0 ;1 1 5 147880000000000.0 0 ;0 4 3 62877900000000.0 0 ;0 2 6 2.487305905330265e-20 1 ;
0 2 6 ;0 2 5 1.9618599048762998e-22 2 ;0 1 6 6.568912743444514e-22 2 ;1 2 5 0.05786471508894277 0 ;1 1 6 1.5605165007782889 0 ;0 3 5 0.006376686097573446 0 ;1 2 4 1041860000000.0 0 ;1 1 5 44049900000000.0 0 ;1 0 6 50047600000000.0 0 ;0 3 4 61073600000000.0 0 ;0 1 7 9.43841255320735e-21 1 ;
0 1 7 ;0 1 6 3.679514024962815e-22 2 ;0 0 7 4.083213136602379e-22 2 ;1 1 6 0.0716137050332582 0 ;1 0 7 0.741520295674523 0 ;0 2 6 0.007387517416822625 0 ;1 1 5 2351560000000.0 0 ;1 0 6 25934600000000.0 0 ;0 2 5 50289800000000.0 0 ;0 0 8 2.8708383115459015e-21 1 ;
0 0 8 ;0 0 7 6.422233496314709e-22 2 ;1 0 7 0.07674562002011684 0 ;0 1 7 0.008416386667409697 0 ;1 0 6 3020740000000.0 0 ;0 1 6 110528000000000.0 0 ;
0 0 0 ; 0 0 1  0.000 0; 
