0 0 0 0.0
1 0 0 667.04
0 1 0 166.7145
0 0 1 74.08330000000001
2 0 0 1217.8600000000001
1 1 0 792.1259000000001
1 0 1 721.8410000000001
0 2 0 301.15880000000016
0 1 1 222.85270000000014
0 0 2 133.38200000000006
2 1 0 1315.6200000000001
2 0 1 1259.8588200000002
1 2 0 897.9363000000001
1 1 1 840.2672000000001
1 0 2 721.6066000000001
0 3 0 414.62660000000017
0 2 1 350.67650000000015
0 1 2 275.06600000000003
0 0 3 188.02700000000004
2 2 0 1390.64
2 1 1 1345.1127000000001
2 0 2 1289.6219
1 3 0 979.0296000000001
1 2 1 933.9562000000001
1 1 2 809.3102000000001
1 0 3 758.3313
0 4 0 501.40010000000007
0 3 1 451.78520000000015
0 2 2 390.0140000000001
0 1 3 316.32000000000016
0 0 4 230.93500000000017
2 3 0 1437.8200000000002
2 2 1 1407.3088300000002
2 1 2 1367.1314300000001
2 0 3 1306.8197000000002
1 4 0 1030.3064000000002
1 3 1 997.8087000000002
1 2 2 933.9885000000002
1 1 3 827.6193000000002
1 0 4 778.8713000000001
0 5 0 556.3804000000001
0 4 1 521.0802000000002
0 3 2 473.1283000000002
0 2 3 412.75800000000027
0 1 4 340.2020000000002
0 0 5 255.69200000000023
2 4 0 1467.4213000000002
2 3 1 1447.0896100000002
2 2 2 1415.9953900000003
2 1 3 1379.3999500000002
2 0 4 1318.1353000000001
1 5 0 1062.0285000000001
1 4 1 1042.0866
1 3 2 964.3957000000003
1 2 3 947.0297000000002
1 1 4 839.8340000000002
1 0 5 792.0509000000002
0 6 0 589.8297000000002
0 5 1 568.8237000000001
0 4 2 534.6706000000001
0 3 3 487.6034000000002
0 2 4 427.85530000000017
0 1 5 355.6583000000003
0 0 6 271.24530000000027
2 5 0 1481.9554000000003
2 4 1 1471.7502900000002
2 3 2 1447.8691400000002
2 2 3 1422.9676000000002
2 1 4 1386.7836700000003
2 0 5 1324.5895000000003
1 6 0 1076.7078000000004
1 5 1 1069.3020000000004
1 3 3 971.9226000000003
1 2 4 954.9912000000003
1 4 2 906.5907000000003
1 1 5 846.9750000000003
1 0 6 798.9447000000002
0 7 0 604.2605000000003
0 6 1 597.5286000000003
0 5 2 577.1538000000003
0 4 3 543.3694000000003
0 3 4 496.40840000000026
0 2 5 436.5034000000003
0 1 6 363.8874000000003
0 0 7 278.79240000000027
