0 0 0 0.0
1 0 0 871.41
0 1 0 217.7749
0 0 1 96.76819999999998
2 0 0 1609.49
1 1 0 1041.1549
1 0 1 945.9237
0 2 0 398.6010000000001
0 1 1 293.92599999999993
0 0 2 176.664
2 1 0 1747.47
2 0 1 1669.09645
1 2 0 1188.8734
1 1 1 1108.2565
1 0 2 956.9808
0 3 0 555.665
0 2 1 467.346
0 1 2 365.943
0 0 3 251.69100000000003
2 2 0 1858.56
2 1 1 1792.08649
2 0 2 1714.2464
1 3 0 1307.7242999999999
1 2 1 1241.7008999999998
1 1 2 1084.2332
1 0 3 1010.6523
0 4 0 681.884
0 3 1 609.8979999999999
0 2 2 524.3339999999998
0 1 3 425.42599999999993
0 0 4 313.405
2 3 0 1935.78
2 2 1 1887.03241
2 1 2 1827.1475
2 0 3 1743.7709
1 4 0 1390.7280999999998
1 3 1 1339.2775
1 2 2 1248.1143
1 1 3 1115.1455
1 0 4 1044.7541
0 5 0 770.277
0 4 1 714.604
0 3 2 644.858
0 2 3 561.2729999999999
0 1 4 464.0799999999999
0 0 5 353.51099999999997
2 4 0 1988.02
2 3 1 1953.2368
2 2 2 1907.00412
2 1 3 1847.0905
2 0 4 1762.6698
1 5 0 1446.7754
1 4 1 1409.8771
1 3 2 1345.5743
1 2 3 1269.1064999999999
1 1 4 1135.2238
1 0 5 1066.7555
0 6 0 829.738
0 5 1 790.356
0 4 2 736.4069999999999
0 3 3 668.123
0 2 4 585.738
0 1 5 489.481
0 0 6 379.586
2 5 0 2023.1411
2 4 1 1998.6442200000001
2 3 2 1960.64549
2 2 3 1922.4283
2 1 4 1862.7694000000001
2 0 5 1777.3396
1 6 0 1483.728
1 5 1 1461.3613
1 3 3 1361.786
1 4 2 1332.8036000000002
1 2 4 1285.6398
1 1 5 1150.8647
1 0 6 1083.0974
0 7 0 868.1281000000001
0 6 1 845.0151000000001
0 5 2 806.8421000000001
0 4 3 753.8391000000001
0 3 4 686.2391
0 2 5 604.2751000000001
0 1 6 508.1771000000001
0 0 7 398.1771000000001
2 6 0 2036.7592
2 5 1 2027.327493
2 4 2 2004.26488
2 3 3 1965.58754
2 2 4 1928.431
2 1 5 1868.432
2 0 6 1781.9322
1 7 0 1497.2021
1 6 1 1489.3469
1 5 2 1399.9578000000001
1 3 4 1368.385
1 4 3 1338.3602999999998
1 2 5 1291.9623
1 1 6 1156.2202
1 0 7 1087.9756
0 8 0 881.0632
0 7 1 874.2002
0 6 2 851.7811999999999
0 5 3 814.0372
0 4 4 761.2031999999999
0 3 5 693.5092
0 2 6 611.1872000000001
0 1 7 514.4692
0 0 8 403.58619999999996
