0 0 0 0.0
1 0 0 3494.19
0 1 0 872.2860000000001
0 0 1 387.35199999999986
2 0 0 6716.67
1 1 0 4266.905000000001
1 0 1 3835.4010000000003
0 2 0 1670.286
0 1 1 1217.9130000000005
0 0 2 741.473
2 1 0 7423.52
2 0 1 7026.802100000001
1 2 0 4997.042
1 1 1 4596.238
1 0 2 4040.8590000000004
0 3 0 2423.313
0 2 1 2003.3940000000002
0 1 2 1558.9220000000005
0 0 3 1090.1190000000006
2 2 0 8070.360000000001
2 1 1 7698.9598000000005
2 0 2 7304.753000000001
1 3 0 5665.177000000001
1 2 1 5295.043000000001
1 1 2 4730.261
1 0 3 4339.709000000001
0 4 0 3112.3460000000005
0 3 1 2724.8510000000006
0 2 2 2312.3160000000007
0 1 3 1874.9620000000004
0 0 4 1413.014000000001
2 3 0 8635.43
2 2 1 8303.3788
2 1 2 7948.6143
2 0 3 7542.854
1 4 0 6249.553
1 3 1 5910.06
1 2 2 5464.726000000001
1 1 3 4971.921
1 0 4 4592.066000000001
0 5 0 3715.629
0 4 1 3360.526
0 3 2 2979.897
0 2 3 2573.9630000000006
0 1 4 2142.9480000000003
0 0 5 1687.0720000000001
2 4 0 9135.16
2 3 1 8834.5193
2 2 2 8510.8005
2 1 3 8158.4738
2 0 4 7750.974
1 5 0 6766.6
1 4 1 6457.718
1 3 2 6062.8060000000005
1 2 3 5677.807
1 1 4 5183.403
1 0 5 4812.98
0 6 0 4249.594
0 5 1 3926.853
0 4 2 3578.099
0 3 3 3203.554
0 2 4 2803.441
0 1 5 2377.982
0 0 6 1927.3989999999994
2 5 0 9577.35
2 4 1 9304.9185
2 3 2 9008.8048
2 2 3 8693.1977
2 1 4 8344.671
2 0 5 7935.5160000000005
1 6 0 7224.121000000001
1 5 1 6945.819
1 4 2 6569.152
1 3 3 6248.162
1 2 4 5867.033
1 1 5 5371.109
1 0 6 5008.872
0 7 0 4722.045
0 6 1 4431.634
0 5 2 4114.724
0 4 3 3771.5380000000005
0 3 4 3402.2970000000005
0 2 5 3007.2250000000004
0 1 6 2586.5420000000004
0 0 7 2140.4700000000003
2 6 0 9959.18
2 5 1 9718.2242
2 4 2 9453.2798
2 3 3 9158.1458
2 2 4 8848.357
2 1 5 8503.025
2 0 6 8092.265
1 7 0 7619.296
1 6 1 7371.546
1 5 2 7050.335000000001
1 4 3 6721.222
1 3 4 6406.089
1 2 5 6028.224
1 1 6 5530.8240000000005
1 0 7 5175.546
0 8 0 5130.165
0 7 1 4872.053
0 6 2 4586.956
0 5 3 4275.098
0 4 4 3936.6990000000005
0 3 5 3571.982
0 2 6 3181.17
0 1 7 2764.483
0 0 8 2322.1420000000007
2 7 0 10292.93
2 6 1 10077.1976
2 5 2 9836.5133
2 4 3 9584.617
2 3 4 9292.119
2 2 5 8987.207
2 1 6 8644.458
2 0 7 8232.106
1 8 0 7964.407
1 7 1 7747.178
1 6 2 7403.14
1 5 3 7184.137000000001
1 4 4 6857.732
1 3 5 6547.517
1 2 6 6172.302000000001
1 1 7 5673.434
1 0 8 5323.905000000001
0 8 1 5260.392000000001
0 7 2 5007.078
0 6 3 4726.5160000000005
0 5 4 4418.929
0 4 5 4084.5380000000005
0 3 6 3723.5660000000007
0 2 7 3336.2340000000004
0 1 8 2922.7620000000006
0 0 9 2483.3730000000005
2 8 0 10572.300000000001
2 7 1 10387.383000000002
2 6 2 10177.1486
2 5 3 9938.3299
2 4 4 9693.471300000001
2 3 5 9403.069000000001
2 2 6 9102.099000000002
2 1 7 8761.314
2 0 8 8347.346000000001
1 8 1 8066.419000000002
1 7 2 7770.469000000001
1 6 3 7507.222000000002
1 5 4 7295.265000000001
1 4 5 6971.026000000002
1 3 6 6664.795000000001
1 2 7 6291.6100000000015
1 1 8 5791.246000000001
1 0 9 5446.274000000001
0 8 2 5368.792000000001
0 7 3 5119.497000000001
0 6 4 4842.691000000001
0 5 5 4538.596000000001
0 4 6 4207.434000000001
0 3 7 3849.4260000000013
0 2 8 3464.794000000001
0 1 9 3053.759000000001
0 0 10 2616.540000000001
2 8 1 10659.87
2 7 2 10478.7284
2 6 3 10271.9986
2 5 4 10036.472000000002
2 4 5 9794.3389
2 3 6 9506.722000000002
2 2 7 9208.076000000001
2 1 8 8869.539
2 0 9 8458.042000000001
1 8 2 8159.549000000001
1 7 3 7867.326000000001
1 6 4 7714.155000000001
1 5 5 7452.231000000001
1 4 6 7164.453000000001
1 3 7 6851.044000000001
1 2 8 6512.227000000001
1 1 9 6148.224000000001
1 0 10 5759.256000000001
0 8 3 5467.3460000000005
0 7 4 5221.290000000001
0 6 5 4946.585000000001
0 5 6 4645.157000000001
0 4 7 4316.394000000001
0 3 8 3960.5170000000007
0 2 9 3577.747000000001
0 1 10 3168.3060000000005
0 0 11 2732.411000000001
2 8 2 10730.67
2 7 3 10552.5014
2 6 4 10348.474
2 5 5 10115.4237
2 4 6 9875.2695
2 3 7 9589.613
2 2 8 9292.514
2 1 9 8955.397
2 0 10 8545.402
1 8 3 8234.944
1 7 4 7945.616
1 6 5 7794.634
1 5 6 7534.856
1 4 7 7248.9619999999995
1 3 8 6937.1720000000005
1 2 9 6599.711
1 1 10 6236.799
1 0 11 5848.657
0 8 4 5547.198
0 7 5 5303.603
0 6 6 5031.098
0 5 7 4731.604
0 4 8 4404.512
0 3 9 4050.0420000000004
0 2 10 3668.4139999999998
0 1 11 3259.8500000000004
0 0 12 2824.568
2 8 3 10777.22
2 7 4 10601.222399999999
2 6 5 10399.095099999999
2 5 6 10167.7055
2 4 7 9928.7838
2 3 8 9644.264
2 2 9 9347.935
2 1 10 9011.412
2 0 11 8601.945
1 8 4 8285.124
1 7 5 7997.8589999999995
1 6 6 7848.339999999999
1 5 7 7589.929999999999
1 4 8 7305.141
1 3 9 6994.191999999999
1 2 10 6657.307999999999
1 1 11 6294.708
1 0 12 5906.614
0 8 5 5600.869999999999
0 7 6 5358.956999999999
0 6 7 5087.871999999999
0 5 8 4789.534
0 4 9 4463.333999999999
0 3 10 4109.490999999999
0 2 11 3728.226999999999
0 1 12 3319.7609999999995
0 0 13 2884.311999999999
2 8 4 10810.01
2 7 5 10635.3814
2 6 6 10434.3523
2 5 7 10203.8079
2 4 8 9965.3725
2 3 9 9681.166000000001
2 2 10 9384.831
2 1 11 9048.072
2 0 12 8638.165
1 8 5 8320.579
1 7 6 8034.545
1 6 7 7885.764
1 5 8 7627.945
1 4 9 7343.481
1 3 10 7032.595
1 2 11 6695.509
1 1 12 6332.443
1 0 13 5943.618
0 8 6 5638.851000000001
0 7 7 5397.842000000001
0 6 8 5127.399
0 5 9 4829.438
0 4 10 4503.351000000001
0 3 11 4149.358
0 2 12 3767.678
0 1 13 3358.531
0 0 14 2922.1360000000004
2 8 5 10833.3479
2 7 6 10659.286600000001
2 6 7 10458.553600000001
2 5 8 10228.0393
2 4 9 9989.3441
2 3 10 9704.626900000001
2 2 11 9407.509900000001
2 1 12 9069.688900000001
2 0 13 8658.369900000002
1 8 6 8345.6159
1 7 7 8059.982900000001
1 6 8 7911.214900000001
1 5 9 7653.206900000001
1 4 10 7368.2919
1 3 11 7056.689900000001
1 2 12 6718.6239000000005
1 1 13 6354.312900000001
1 0 14 5963.978900000001
0 8 7 5665.4499000000005
0 7 8 5424.567900000001
0 6 9 5153.986900000001
0 5 10 4855.624900000001
0 4 11 4528.8729
0 3 12 4173.9489
0 2 13 3791.0749000000005
0 1 14 3380.4689000000008
0 0 15 2942.349900000001
2 8 6 10843.707900000001
2 7 7 10669.412100000001
2 6 8 10468.1738
2 5 9 10236.8744
2 4 10 9997.1735
2 3 11 9711.1239
2 2 12 9412.4469
2 1 13 9072.736900000002
2 0 14 8659.036900000001
1 8 7 8356.710900000002
1 7 8 8070.647900000002
1 6 9 7921.166900000001
1 5 10 7662.192900000002
1 4 11 7376.047900000001
1 3 12 7062.951900000002
1 2 13 6723.126900000001
1 1 14 6356.7939000000015
1 0 15 5964.170900000001
0 8 8 5677.141900000001
0 7 9 5435.606900000002
0 6 10 5164.1109000000015
0 5 11 4864.568900000001
0 4 12 4536.372900000001
0 3 13 4179.741900000001
0 2 14 3794.894900000001
0 1 15 3382.0519000000013
0 0 16 2941.428900000001
